# comment
256
127.0  59.0   8.0 1.00
129.0  60.0   7.0 1.00
131.0  61.0   7.0 1.00
133.0  62.0   7.0 1.00
135.0  63.0   7.0 1.00
138.0  65.0   7.0 1.00
140.0  66.0   7.0 1.00
140.0  66.0   7.0 1.00
142.0  67.0   7.0 1.00
144.0  68.0   7.0 1.00
147.0  70.0   7.0 1.00
149.0  71.0   7.0 1.00
151.0  72.0   7.0 1.00
153.0  73.0   6.0 1.00
156.0  75.0   6.0 1.00
158.0  76.0   6.0 1.00
160.0  77.0   6.0 1.00
162.0  78.0   6.0 1.00
164.0  80.0   6.0 1.00
167.0  81.0   6.0 1.00
167.0  81.0   6.0 1.00
169.0  82.0   6.0 1.00
171.0  83.0   6.0 1.00
173.0  85.0   6.0 1.00
176.0  86.0   6.0 1.00
178.0  87.0   6.0 1.00
180.0  89.0   6.0 1.00
182.0  91.0   7.0 1.00
184.0  92.0   7.0 1.00
186.0  94.0   8.0 1.00
188.0  96.0   8.0 1.00
190.0  98.0   9.0 1.00
192.0 100.0  10.0 1.00
192.0 100.0  10.0 1.00
193.0 101.0  10.0 1.00
195.0 103.0  11.0 1.00
197.0 105.0  11.0 1.00
199.0 107.0  12.0 1.00
201.0 109.0  13.0 1.00
203.0 110.0  13.0 1.00
205.0 112.0  14.0 1.00
207.0 114.0  14.0 1.00
209.0 116.0  15.0 1.00
211.0 118.0  16.0 1.00
213.0 119.0  16.0 1.00
213.0 119.0  16.0 1.00
215.0 121.0  17.0 1.00
217.0 123.0  17.0 1.00
219.0 125.0  18.0 1.00
221.0 127.0  19.0 1.00
222.0 129.0  19.0 1.00
224.0 131.0  21.0 1.00
225.0 133.0  24.0 1.00
227.0 135.0  28.0 1.00
228.0 138.0  31.0 1.00
229.0 140.0  35.0 1.00
230.0 142.0  38.0 1.00
232.0 144.0  41.0 1.00
232.0 144.0  41.0 1.00
233.0 147.0  45.0 1.00
234.0 149.0  48.0 1.00
235.0 151.0  52.0 1.00
237.0 154.0  55.0 1.00
238.0 156.0  58.0 1.00
239.0 158.0  62.0 1.00
240.0 161.0  65.0 1.00
242.0 163.0  69.0 1.00
243.0 165.0  72.0 1.00
244.0 168.0  75.0 1.00
245.0 170.0  79.0 1.00
246.0 172.0  82.0 1.00
246.0 172.0  82.0 1.00
248.0 175.0  86.0 1.00
249.0 177.0  89.0 1.00
250.0 179.0  92.0 1.00
251.0 182.0  96.0 1.00
253.0 184.0  99.0 1.00
253.0 186.0 103.0 1.00
253.0 187.0 106.0 1.00
253.0 189.0 110.0 1.00
253.0 191.0 113.0 1.00
253.0 192.0 117.0 1.00
253.0 194.0 121.0 1.00
253.0 196.0 124.0 1.00
253.0 196.0 124.0 1.00
253.0 198.0 128.0 1.00
253.0 199.0 131.0 1.00
253.0 201.0 135.0 1.00
253.0 203.0 138.0 1.00
253.0 204.0 142.0 1.00
253.0 206.0 146.0 1.00
253.0 208.0 149.0 1.00
253.0 210.0 153.0 1.00
253.0 211.0 156.0 1.00
253.0 213.0 160.0 1.00
253.0 215.0 163.0 1.00
253.0 216.0 167.0 1.00
253.0 216.0 167.0 1.00
253.0 218.0 170.0 1.00
253.0 220.0 174.0 1.00
253.0 222.0 178.0 1.00
253.0 223.0 181.0 1.00
253.0 224.0 184.0 1.00
253.0 225.0 187.0 1.00
253.0 226.0 190.0 1.00
252.0 227.0 192.0 1.00
252.0 228.0 195.0 1.00
252.0 229.0 198.0 1.00
251.0 230.0 201.0 1.00
251.0 230.0 201.0 1.00
251.0 231.0 204.0 1.00
251.0 232.0 206.0 1.00
251.0 233.0 209.0 1.00
250.0 234.0 212.0 1.00
250.0 235.0 215.0 1.00
250.0 236.0 218.0 1.00
249.0 237.0 220.0 1.00
249.0 238.0 223.0 1.00
249.0 239.0 226.0 1.00
248.0 240.0 229.0 1.00
248.0 241.0 232.0 1.00
248.0 242.0 234.0 1.00
248.0 242.0 234.0 1.00
248.0 243.0 237.0 1.00
247.0 244.0 240.0 1.00
247.0 245.0 243.0 1.00
247.0 246.0 245.0 1.00
246.0 246.0 246.0 1.00
244.0 244.0 246.0 1.00
243.0 243.0 245.0 1.00
242.0 242.0 245.0 1.00
240.0 241.0 244.0 1.00
239.0 239.0 244.0 1.00
239.0 239.0 244.0 1.00
238.0 238.0 243.0 1.00
236.0 237.0 243.0 1.00
235.0 236.0 242.0 1.00
234.0 234.0 242.0 1.00
232.0 233.0 241.0 1.00
231.0 232.0 241.0 1.00
230.0 231.0 240.0 1.00
230.0 231.0 240.0 1.00
228.0 230.0 239.0 1.00
227.0 228.0 239.0 1.00
226.0 227.0 238.0 1.00
224.0 226.0 238.0 1.00
223.0 225.0 237.0 1.00
222.0 223.0 237.0 1.00
220.0 222.0 236.0 1.00
219.0 221.0 236.0 1.00
219.0 221.0 236.0 1.00
218.0 220.0 235.0 1.00
216.0 218.0 235.0 1.00
215.0 217.0 234.0 1.00
213.0 215.0 233.0 1.00
212.0 213.0 232.0 1.00
210.0 211.0 231.0 1.00
208.0 209.0 230.0 1.00
208.0 209.0 230.0 1.00
207.0 207.0 229.0 1.00
205.0 205.0 228.0 1.00
203.0 203.0 227.0 1.00
202.0 201.0 226.0 1.00
200.0 199.0 224.0 1.00
199.0 197.0 223.0 1.00
197.0 195.0 222.0 1.00
195.0 193.0 221.0 1.00
195.0 193.0 221.0 1.00
194.0 191.0 220.0 1.00
192.0 188.0 219.0 1.00
190.0 186.0 218.0 1.00
189.0 184.0 217.0 1.00
187.0 182.0 216.0 1.00
186.0 180.0 215.0 1.00
184.0 178.0 214.0 1.00
184.0 178.0 214.0 1.00
182.0 176.0 213.0 1.00
181.0 174.0 212.0 1.00
179.0 172.0 210.0 1.00
177.0 170.0 209.0 1.00
175.0 168.0 208.0 1.00
173.0 165.0 206.0 1.00
171.0 163.0 204.0 1.00
169.0 161.0 203.0 1.00
169.0 161.0 203.0 1.00
167.0 158.0 201.0 1.00
164.0 156.0 200.0 1.00
162.0 153.0 198.0 1.00
160.0 151.0 196.0 1.00
158.0 149.0 195.0 1.00
156.0 146.0 193.0 1.00
154.0 144.0 191.0 1.00
152.0 141.0 190.0 1.00
152.0 141.0 190.0 1.00
149.0 139.0 188.0 1.00
147.0 137.0 186.0 1.00
145.0 134.0 185.0 1.00
143.0 132.0 183.0 1.00
141.0 129.0 182.0 1.00
139.0 127.0 180.0 1.00
136.0 125.0 178.0 1.00
136.0 125.0 178.0 1.00
134.0 122.0 177.0 1.00
132.0 120.0 175.0 1.00
130.0 117.0 173.0 1.00
128.0 115.0 172.0 1.00
126.0 112.0 170.0 1.00
124.0 109.0 169.0 1.00
122.0 105.0 167.0 1.00
120.0 102.0 166.0 1.00
120.0 102.0 166.0 1.00
118.0  99.0 164.0 1.00
117.0  96.0 163.0 1.00
115.0  92.0 161.0 1.00
113.0  89.0 159.0 1.00
111.0  86.0 158.0 1.00
109.0  82.0 156.0 1.00
107.0  79.0 155.0 1.00
107.0  79.0 155.0 1.00
105.0  76.0 153.0 1.00
103.0  73.0 152.0 1.00
101.0  69.0 150.0 1.00
 99.0  66.0 149.0 1.00
 98.0  63.0 147.0 1.00
 96.0  60.0 145.0 1.00
 94.0  56.0 144.0 1.00
 92.0  53.0 142.0 1.00
 92.0  53.0 142.0 1.00
 90.0  50.0 141.0 1.00
 88.0  47.0 139.0 1.00
 86.0  43.0 138.0 1.00
 84.0  40.0 136.0 1.00
 83.0  38.0 134.0 1.00
 81.0  36.0 131.0 1.00
 79.0  34.0 129.0 1.00
 79.0  34.0 129.0 1.00
 78.0  33.0 126.0 1.00
 76.0  31.0 124.0 1.00
 74.0  29.0 121.0 1.00
 73.0  28.0 118.0 1.00
 71.0  26.0 116.0 1.00
 69.0  24.0 113.0 1.00
 68.0  23.0 110.0 1.00
 66.0  21.0 108.0 1.00
 66.0  21.0 108.0 1.00
 64.0  19.0 105.0 1.00
 62.0  17.0 103.0 1.00
 61.0  16.0 100.0 1.00
 59.0  14.0  97.0 1.00
 57.0  12.0  95.0 1.00
 56.0  11.0  92.0 1.00
 54.0   9.0  90.0 1.00
 54.0   9.0  90.0 1.00
 52.0   7.0  87.0 1.00
 51.0   6.0  84.0 1.00
 49.0   4.0  82.0 1.00
