# comment
256
  0.0   0.0   0.0 1.00
  0.0   2.0   2.0 1.00
  0.0   4.0   4.0 1.00
  0.0   6.0   6.0 1.00
  0.0   8.0   8.0 1.00
  0.0  10.0  10.0 1.00
  0.0  12.0  12.0 1.00
  0.0  14.0  14.0 1.00
  0.0  16.0  16.0 1.00
  0.0  18.0  18.0 1.00
  0.0  20.0  20.0 1.00
  0.0  22.0  22.0 1.00
  0.0  24.0  24.0 1.00
  0.0  26.0  26.0 1.00
  0.0  28.0  28.0 1.00
  0.0  30.0  30.0 1.00
  0.0  33.0  32.0 1.00
  0.0  35.0  34.0 1.00
  0.0  37.0  36.0 1.00
  0.0  39.0  38.0 1.00
  0.0  41.0  40.0 1.00
  0.0  43.0  42.0 1.00
  0.0  45.0  44.0 1.00
  0.0  47.0  46.0 1.00
  0.0  49.0  48.0 1.00
  0.0  51.0  50.0 1.00
  0.0  53.0  52.0 1.00
  0.0  55.0  54.0 1.00
  0.0  57.0  56.0 1.00
  0.0  59.0  58.0 1.00
  0.0  61.0  60.0 1.00
  0.0  63.0  62.0 1.00
  0.0  65.0  64.0 1.00
  0.0  67.0  66.0 1.00
  0.0  69.0  68.0 1.00
  0.0  71.0  70.0 1.00
  0.0  73.0  72.0 1.00
  0.0  75.0  74.0 1.00
  0.0  77.0  76.0 1.00
  0.0  79.0  78.0 1.00
  0.0  81.0  80.0 1.00
  0.0  83.0  82.0 1.00
  0.0  85.0  84.0 1.00
  0.0  87.0  86.0 1.00
  0.0  89.0  88.0 1.00
  0.0  91.0  90.0 1.00
  0.0  93.0  92.0 1.00
  0.0  95.0  94.0 1.00
  0.0  98.0  96.0 1.00
  0.0 100.0  98.0 1.00
  0.0 102.0 100.0 1.00
  0.0 104.0 102.0 1.00
  0.0 106.0 104.0 1.00
  0.0 108.0 106.0 1.00
  0.0 110.0 108.0 1.00
  0.0 112.0 110.0 1.00
  0.0 114.0 112.0 1.00
  0.0 116.0 114.0 1.00
  0.0 118.0 116.0 1.00
  0.0 120.0 118.0 1.00
  0.0 122.0 120.0 1.00
  0.0 124.0 122.0 1.00
  0.0 126.0 124.0 1.00
  0.0 128.0 126.0 1.00
  2.0 126.0 128.0 1.00
  4.0 124.0 129.0 1.00
  6.0 122.0 131.0 1.00
  8.0 120.0 133.0 1.00
 10.0 118.0 135.0 1.00
 12.0 116.0 137.0 1.00
 14.0 114.0 139.0 1.00
 16.0 112.0 141.0 1.00
 18.0 110.0 143.0 1.00
 20.0 108.0 145.0 1.00
 22.0 106.0 147.0 1.00
 24.0 104.0 149.0 1.00
 26.0 102.0 151.0 1.00
 28.0 100.0 153.0 1.00
 30.0  98.0 155.0 1.00
 32.0  96.0 157.0 1.00
 34.0  95.0 159.0 1.00
 36.0  93.0 161.0 1.00
 38.0  91.0 163.0 1.00
 40.0  89.0 165.0 1.00
 42.0  87.0 167.0 1.00
 43.0  85.0 169.0 1.00
 45.0  83.0 171.0 1.00
 47.0  81.0 173.0 1.00
 49.0  79.0 175.0 1.00
 51.0  77.0 177.0 1.00
 53.0  75.0 179.0 1.00
 55.0  73.0 181.0 1.00
 57.0  71.0 183.0 1.00
 59.0  69.0 185.0 1.00
 61.0  67.0 187.0 1.00
 63.0  65.0 189.0 1.00
 65.0  63.0 191.0 1.00
 67.0  61.0 193.0 1.00
 69.0  59.0 195.0 1.00
 71.0  57.0 197.0 1.00
 73.0  55.0 199.0 1.00
 75.0  53.0 201.0 1.00
 77.0  51.0 203.0 1.00
 79.0  49.0 205.0 1.00
 81.0  47.0 207.0 1.00
 83.0  45.0 209.0 1.00
 85.0  43.0 211.0 1.00
 87.0  41.0 213.0 1.00
 89.0  39.0 215.0 1.00
 91.0  37.0 217.0 1.00
 93.0  35.0 219.0 1.00
 95.0  33.0 221.0 1.00
 97.0  32.0 223.0 1.00
 99.0  30.0 225.0 1.00
101.0  28.0 227.0 1.00
103.0  26.0 229.0 1.00
105.0  24.0 231.0 1.00
107.0  22.0 233.0 1.00
109.0  20.0 235.0 1.00
111.0  18.0 237.0 1.00
113.0  16.0 239.0 1.00
115.0  14.0 241.0 1.00
117.0  12.0 243.0 1.00
119.0  10.0 245.0 1.00
121.0   8.0 247.0 1.00
123.0   6.0 249.0 1.00
125.0   4.0 251.0 1.00
127.0   2.0 253.0 1.00
128.0   0.0 255.0 1.00
130.0   2.0 251.0 1.00
132.0   4.0 247.0 1.00
134.0   6.0 243.0 1.00
136.0   8.0 239.0 1.00
138.0  10.0 235.0 1.00
140.0  12.0 231.0 1.00
142.0  14.0 227.0 1.00
144.0  16.0 223.0 1.00
146.0  18.0 219.0 1.00
148.0  20.0 215.0 1.00
150.0  22.0 211.0 1.00
152.0  24.0 207.0 1.00
154.0  26.0 203.0 1.00
156.0  28.0 199.0 1.00
158.0  30.0 195.0 1.00
160.0  32.0 191.0 1.00
162.0  34.0 187.0 1.00
164.0  36.0 183.0 1.00
166.0  38.0 179.0 1.00
168.0  40.0 175.0 1.00
170.0  42.0 171.0 1.00
172.0  44.0 167.0 1.00
174.0  46.0 163.0 1.00
176.0  48.0 159.0 1.00
178.0  50.0 155.0 1.00
180.0  52.0 151.0 1.00
182.0  54.0 147.0 1.00
184.0  56.0 143.0 1.00
186.0  58.0 139.0 1.00
188.0  60.0 135.0 1.00
190.0  62.0 131.0 1.00
192.0  64.0 128.0 1.00
194.0  66.0 124.0 1.00
196.0  68.0 120.0 1.00
198.0  70.0 116.0 1.00
200.0  72.0 112.0 1.00
202.0  74.0 108.0 1.00
204.0  76.0 104.0 1.00
206.0  78.0 100.0 1.00
208.0  80.0  96.0 1.00
210.0  82.0  92.0 1.00
212.0  84.0  88.0 1.00
213.0  86.0  84.0 1.00
215.0  88.0  80.0 1.00
217.0  90.0  76.0 1.00
219.0  92.0  72.0 1.00
221.0  94.0  68.0 1.00
223.0  96.0  64.0 1.00
225.0  98.0  60.0 1.00
227.0 100.0  56.0 1.00
229.0 102.0  52.0 1.00
231.0 104.0  48.0 1.00
233.0 106.0  44.0 1.00
235.0 108.0  40.0 1.00
237.0 110.0  36.0 1.00
239.0 112.0  32.0 1.00
241.0 114.0  28.0 1.00
243.0 116.0  24.0 1.00
245.0 118.0  20.0 1.00
247.0 120.0  16.0 1.00
249.0 122.0  12.0 1.00
251.0 124.0   8.0 1.00
253.0 126.0   4.0 1.00
255.0 129.0   0.0 1.00
255.0 131.0   4.0 1.00
255.0 133.0   8.0 1.00
255.0 135.0  12.0 1.00
255.0 137.0  16.0 1.00
255.0 139.0  20.0 1.00
255.0 141.0  24.0 1.00
255.0 143.0  28.0 1.00
255.0 145.0  32.0 1.00
255.0 147.0  36.0 1.00
255.0 149.0  40.0 1.00
255.0 151.0  45.0 1.00
255.0 153.0  49.0 1.00
255.0 155.0  53.0 1.00
255.0 157.0  57.0 1.00
255.0 159.0  61.0 1.00
255.0 161.0  65.0 1.00
255.0 163.0  69.0 1.00
255.0 165.0  73.0 1.00
255.0 167.0  77.0 1.00
255.0 169.0  81.0 1.00
255.0 171.0  85.0 1.00
255.0 173.0  89.0 1.00
255.0 175.0  93.0 1.00
255.0 177.0  97.0 1.00
255.0 179.0 101.0 1.00
255.0 181.0 105.0 1.00
255.0 183.0 109.0 1.00
255.0 185.0 113.0 1.00
255.0 187.0 117.0 1.00
255.0 189.0 121.0 1.00
255.0 191.0 125.0 1.00
255.0 193.0 130.0 1.00
255.0 195.0 134.0 1.00
255.0 197.0 138.0 1.00
255.0 199.0 142.0 1.00
255.0 201.0 146.0 1.00
255.0 203.0 150.0 1.00
255.0 205.0 154.0 1.00
255.0 207.0 158.0 1.00
255.0 209.0 162.0 1.00
255.0 211.0 166.0 1.00
255.0 213.0 170.0 1.00
255.0 215.0 174.0 1.00
255.0 217.0 178.0 1.00
255.0 219.0 182.0 1.00
255.0 221.0 186.0 1.00
255.0 223.0 190.0 1.00
255.0 225.0 194.0 1.00
255.0 227.0 198.0 1.00
255.0 229.0 202.0 1.00
255.0 231.0 206.0 1.00
255.0 233.0 210.0 1.00
255.0 235.0 215.0 1.00
255.0 237.0 219.0 1.00
255.0 239.0 223.0 1.00
255.0 241.0 227.0 1.00
255.0 243.0 231.0 1.00
255.0 245.0 235.0 1.00
255.0 247.0 239.0 1.00
255.0 249.0 243.0 1.00
255.0 251.0 247.0 1.00
255.0 253.0 251.0 1.00
255.0 255.0 255.0 1.00
