# cubehelix params start=2.0 rots=1.5 hue=1.0 gamma=0.75
256
  0.0   0.0   0.0 1.00
  1.0   6.0   2.0 1.00
  2.0  10.0   4.0 1.00
  2.0  13.0   6.0 1.00
  3.0  16.0   7.0 1.00
  3.0  19.0   9.0 1.00
  3.0  22.0  11.0 1.00
  4.0  25.0  13.0 1.00
  4.0  27.0  15.0 1.00
  4.0  30.0  17.0 1.00
  5.0  32.0  19.0 1.00
  5.0  34.0  22.0 1.00
  5.0  36.0  24.0 1.00
  6.0  39.0  26.0 1.00
  6.0  41.0  29.0 1.00
  7.0  42.0  31.0 1.00
  7.0  44.0  34.0 1.00
  7.0  46.0  36.0 1.00
  8.0  48.0  39.0 1.00
  9.0  49.0  42.0 1.00
  9.0  51.0  45.0 1.00
 10.0  53.0  47.0 1.00
 11.0  54.0  50.0 1.00
 12.0  55.0  53.0 1.00
 12.0  57.0  56.0 1.00
 13.0  58.0  59.0 1.00
 14.0  59.0  62.0 1.00
 15.0  60.0  65.0 1.00
 17.0  61.0  68.0 1.00
 18.0  62.0  71.0 1.00
 19.0  63.0  74.0 1.00
 20.0  64.0  76.0 1.00
 22.0  65.0  79.0 1.00
 23.0  66.0  82.0 1.00
 25.0  67.0  85.0 1.00
 27.0  67.0  88.0 1.00
 28.0  68.0  91.0 1.00
 30.0  69.0  94.0 1.00
 32.0  69.0  97.0 1.00
 34.0  70.0  99.0 1.00
 36.0  70.0 102.0 1.00
 38.0  71.0 105.0 1.00
 40.0  71.0 107.0 1.00
 43.0  72.0 110.0 1.00
 45.0  72.0 112.0 1.00
 47.0  72.0 115.0 1.00
 50.0  73.0 117.0 1.00
 52.0  73.0 119.0 1.00
 55.0  73.0 122.0 1.00
 57.0  73.0 124.0 1.00
 60.0  73.0 126.0 1.00
 62.0  74.0 128.0 1.00
 65.0  74.0 130.0 1.00
 68.0  74.0 132.0 1.00
 71.0  74.0 133.0 1.00
 74.0  74.0 135.0 1.00
 76.0  74.0 137.0 1.00
 79.0  74.0 138.0 1.00
 82.0  75.0 139.0 1.00
 85.0  75.0 141.0 1.00
 88.0  75.0 142.0 1.00
 91.0  75.0 143.0 1.00
 94.0  75.0 144.0 1.00
 97.0  75.0 145.0 1.00
100.0  75.0 146.0 1.00
103.0  75.0 147.0 1.00
106.0  75.0 147.0 1.00
109.0  76.0 148.0 1.00
112.0  76.0 148.0 1.00
115.0  76.0 149.0 1.00
118.0  76.0 149.0 1.00
121.0  76.0 149.0 1.00
124.0  77.0 149.0 1.00
127.0  77.0 149.0 1.00
130.0  77.0 149.0 1.00
132.0  77.0 149.0 1.00
135.0  78.0 149.0 1.00
138.0  78.0 148.0 1.00
141.0  79.0 148.0 1.00
143.0  79.0 147.0 1.00
146.0  80.0 147.0 1.00
148.0  80.0 146.0 1.00
151.0  81.0 145.0 1.00
153.0  81.0 145.0 1.00
156.0  82.0 144.0 1.00
158.0  83.0 143.0 1.00
160.0  83.0 142.0 1.00
162.0  84.0 141.0 1.00
164.0  85.0 140.0 1.00
166.0  86.0 139.0 1.00
168.0  87.0 138.0 1.00
170.0  88.0 136.0 1.00
172.0  89.0 135.0 1.00
174.0  90.0 134.0 1.00
175.0  91.0 133.0 1.00
177.0  92.0 131.0 1.00
178.0  93.0 130.0 1.00
180.0  94.0 129.0 1.00
181.0  95.0 127.0 1.00
182.0  96.0 126.0 1.00
183.0  98.0 124.0 1.00
184.0  99.0 123.0 1.00
185.0 100.0 122.0 1.00
186.0 102.0 120.0 1.00
187.0 103.0 119.0 1.00
188.0 105.0 118.0 1.00
188.0 106.0 116.0 1.00
189.0 108.0 115.0 1.00
189.0 110.0 114.0 1.00
189.0 111.0 113.0 1.00
190.0 113.0 111.0 1.00
190.0 115.0 110.0 1.00
190.0 116.0 109.0 1.00
190.0 118.0 108.0 1.00
190.0 120.0 107.0 1.00
190.0 122.0 106.0 1.00
190.0 123.0 105.0 1.00
189.0 125.0 104.0 1.00
189.0 127.0 103.0 1.00
189.0 129.0 103.0 1.00
188.0 131.0 102.0 1.00
188.0 133.0 101.0 1.00
187.0 135.0 101.0 1.00
186.0 137.0 100.0 1.00
186.0 139.0 100.0 1.00
185.0 141.0 100.0 1.00
184.0 143.0  99.0 1.00
183.0 144.0  99.0 1.00
183.0 146.0  99.0 1.00
182.0 148.0  99.0 1.00
181.0 150.0  99.0 1.00
180.0 152.0  99.0 1.00
179.0 154.0 100.0 1.00
178.0 156.0 100.0 1.00
177.0 158.0 100.0 1.00
176.0 160.0 101.0 1.00
175.0 162.0 101.0 1.00
174.0 164.0 102.0 1.00
172.0 166.0 103.0 1.00
171.0 168.0 104.0 1.00
170.0 170.0 105.0 1.00
169.0 171.0 106.0 1.00
168.0 173.0 107.0 1.00
167.0 175.0 108.0 1.00
166.0 177.0 109.0 1.00
165.0 179.0 111.0 1.00
164.0 180.0 112.0 1.00
163.0 182.0 113.0 1.00
162.0 184.0 115.0 1.00
161.0 185.0 117.0 1.00
160.0 187.0 118.0 1.00
159.0 188.0 120.0 1.00
158.0 190.0 122.0 1.00
158.0 191.0 124.0 1.00
157.0 193.0 126.0 1.00
156.0 194.0 128.0 1.00
155.0 196.0 130.0 1.00
155.0 197.0 132.0 1.00
154.0 198.0 134.0 1.00
154.0 200.0 137.0 1.00
153.0 201.0 139.0 1.00
153.0 202.0 141.0 1.00
152.0 203.0 144.0 1.00
152.0 204.0 146.0 1.00
152.0 205.0 149.0 1.00
152.0 206.0 151.0 1.00
152.0 207.0 154.0 1.00
152.0 208.0 156.0 1.00
152.0 209.0 159.0 1.00
152.0 210.0 161.0 1.00
152.0 211.0 164.0 1.00
152.0 212.0 166.0 1.00
152.0 213.0 169.0 1.00
153.0 213.0 172.0 1.00
153.0 214.0 174.0 1.00
154.0 215.0 177.0 1.00
154.0 215.0 179.0 1.00
155.0 216.0 182.0 1.00
156.0 217.0 184.0 1.00
156.0 217.0 187.0 1.00
157.0 218.0 190.0 1.00
158.0 218.0 192.0 1.00
159.0 219.0 195.0 1.00
160.0 219.0 197.0 1.00
161.0 219.0 199.0 1.00
162.0 220.0 202.0 1.00
163.0 220.0 204.0 1.00
165.0 220.0 206.0 1.00
166.0 221.0 209.0 1.00
167.0 221.0 211.0 1.00
169.0 221.0 213.0 1.00
170.0 221.0 215.0 1.00
172.0 222.0 217.0 1.00
173.0 222.0 219.0 1.00
175.0 222.0 221.0 1.00
176.0 222.0 223.0 1.00
178.0 222.0 225.0 1.00
180.0 223.0 227.0 1.00
181.0 223.0 229.0 1.00
183.0 223.0 230.0 1.00
185.0 223.0 232.0 1.00
187.0 223.0 233.0 1.00
188.0 223.0 235.0 1.00
190.0 223.0 236.0 1.00
192.0 224.0 238.0 1.00
194.0 224.0 239.0 1.00
196.0 224.0 240.0 1.00
198.0 224.0 241.0 1.00
199.0 224.0 242.0 1.00
201.0 225.0 244.0 1.00
203.0 225.0 244.0 1.00
205.0 225.0 245.0 1.00
207.0 225.0 246.0 1.00
209.0 225.0 247.0 1.00
211.0 226.0 248.0 1.00
213.0 226.0 249.0 1.00
214.0 226.0 249.0 1.00
216.0 226.0 250.0 1.00
218.0 227.0 250.0 1.00
220.0 227.0 251.0 1.00
221.0 228.0 251.0 1.00
223.0 228.0 252.0 1.00
225.0 228.0 252.0 1.00
226.0 229.0 252.0 1.00
228.0 229.0 252.0 1.00
229.0 230.0 253.0 1.00
231.0 230.0 253.0 1.00
232.0 231.0 253.0 1.00
234.0 231.0 253.0 1.00
235.0 232.0 253.0 1.00
237.0 232.0 253.0 1.00
238.0 233.0 253.0 1.00
239.0 234.0 253.0 1.00
240.0 234.0 253.0 1.00
242.0 235.0 253.0 1.00
243.0 236.0 253.0 1.00
244.0 237.0 253.0 1.00
245.0 237.0 253.0 1.00
246.0 238.0 253.0 1.00
247.0 239.0 253.0 1.00
248.0 240.0 253.0 1.00
248.0 241.0 253.0 1.00
249.0 242.0 253.0 1.00
250.0 243.0 253.0 1.00
251.0 244.0 253.0 1.00
251.0 245.0 253.0 1.00
252.0 246.0 253.0 1.00
252.0 247.0 253.0 1.00
253.0 248.0 253.0 1.00
253.0 249.0 253.0 1.00
254.0 250.0 254.0 1.00
254.0 251.0 254.0 1.00
254.0 252.0 254.0 1.00
255.0 253.0 254.0 1.00
255.0 254.0 255.0 1.00
255.0 255.0 255.0 1.00
