# comment
256
  0.0   0.0   0.0 1.00
  1.5   0.0   0.0 1.00
  3.0   0.0   0.0 1.00
  4.5   0.0   0.0 1.00
  6.0   0.0   0.0 1.00
  7.5   0.0   0.0 1.00
  9.0   0.0   0.0 1.00
 10.5   0.0   0.0 1.00
 12.0   0.0   0.0 1.00
 13.5   0.0   0.0 1.00
 15.0   0.0   0.0 1.00
 16.5   0.0   0.0 1.00
 18.0   0.0   0.0 1.00
 19.5   0.0   0.0 1.00
 21.0   0.0   0.0 1.00
 22.5   0.0   0.0 1.00
 24.0   0.0   0.0 1.00
 25.5   0.0   0.0 1.00
 27.0   0.0   0.0 1.00
 28.5   0.0   0.0 1.00
 30.0   0.0   0.0 1.00
 31.5   0.0   0.0 1.00
 33.0   0.0   0.0 1.00
 34.5   0.0   0.0 1.00
 36.0   0.0   0.0 1.00
 37.5   0.0   0.0 1.00
 39.0   0.0   0.0 1.00
 40.5   0.0   0.0 1.00
 42.0   0.0   0.0 1.00
 43.5   0.0   0.0 1.00
 45.0   0.0   0.0 1.00
 46.5   0.0   0.0 1.00
 48.0   0.0   0.0 1.00
 49.5   0.0   0.0 1.00
 51.0   0.0   0.0 1.00
 52.5   0.0   0.0 1.00
 54.0   0.0   0.0 1.00
 55.5   0.0   0.0 1.00
 57.0   0.0   0.0 1.00
 58.5   0.0   0.0 1.00
 60.0   0.0   0.0 1.00
 61.5   0.0   0.0 1.00
 63.0   0.0   0.0 1.00
 64.5   0.0   0.0 1.00
 66.0   0.0   0.0 1.00
 67.5   0.0   0.0 1.00
 69.0   0.0   0.0 1.00
 70.5   0.0   0.0 1.00
 72.0   0.0   0.0 1.00
 73.5   0.0   0.0 1.00
 75.0   0.0   0.0 1.00
 76.5   0.0   0.0 1.00
 78.0   0.0   0.0 1.00
 79.5   0.0   0.0 1.00
 81.0   0.0   0.0 1.00
 82.5   0.0   0.0 1.00
 84.0   0.0   0.0 1.00
 85.5   0.0   0.0 1.00
 87.0   0.0   0.0 1.00
 88.5   0.0   0.0 1.00
 90.0   0.0   0.0 1.00
 91.5   0.0   0.0 1.00
 93.0   0.0   0.0 1.00
 94.5   0.0   0.0 1.00
 96.0   0.0   0.0 1.00
 97.5   0.0   0.0 1.00
 99.0   0.0   0.0 1.00
100.5   0.0   0.0 1.00
102.0   0.0   0.0 1.00
103.5   0.0   0.0 1.00
105.0   0.0   0.0 1.00
106.5   0.0   0.0 1.00
108.0   0.0   0.0 1.00
109.5   0.0   0.0 1.00
111.0   0.0   0.0 1.00
112.5   0.0   0.0 1.00
114.0   0.0   0.0 1.00
115.5   0.0   0.0 1.00
117.0   0.0   0.0 1.00
118.5   0.0   0.0 1.00
120.0   0.0   0.0 1.00
121.5   0.0   0.0 1.00
123.0   0.0   0.0 1.00
124.5   0.0   0.0 1.00
126.0   0.0   0.0 1.00
127.5   0.0   0.0 1.00
129.0   0.0   0.0 1.00
130.5   0.0   0.0 1.00
132.0   0.0   0.0 1.00
133.5   0.0   0.0 1.00
135.0   0.0   0.0 1.00
136.5   0.0   0.0 1.00
138.0   0.0   0.0 1.00
139.5   0.0   0.0 1.00
141.0   0.0   0.0 1.00
142.5   0.0   0.0 1.00
144.0   0.0   0.0 1.00
145.5   0.0   0.0 1.00
147.0   0.0   0.0 1.00
148.5   0.0   0.0 1.00
150.0   0.0   0.0 1.00
151.5   0.0   0.0 1.00
153.0   0.0   0.0 1.00
154.5   0.0   0.0 1.00
156.0   0.0   0.0 1.00
157.5   0.0   0.0 1.00
159.0   0.0   0.0 1.00
160.5   0.0   0.0 1.00
162.0   0.0   0.0 1.00
163.5   0.0   0.0 1.00
165.0   0.0   0.0 1.00
166.5   0.0   0.0 1.00
168.0   0.0   0.0 1.00
169.5   0.0   0.0 1.00
171.0   0.0   0.0 1.00
172.5   0.0   0.0 1.00
174.0   0.0   0.0 1.00
175.5   0.0   0.0 1.00
177.0   0.0   0.0 1.00
178.5   0.0   0.0 1.00
180.0   0.0   0.0 1.00
181.5   0.0   0.0 1.00
183.0   0.0   0.0 1.00
184.5   0.0   0.0 1.00
186.0   0.0   0.0 1.00
187.5   0.0   0.0 1.00
189.0   0.0   0.0 1.00
190.5   0.0   0.0 1.00
192.0   1.0   0.0 1.00
193.5   3.0   0.0 1.00
195.0   5.0   0.0 1.00
196.5   7.0   0.0 1.00
198.0   9.0   0.0 1.00
199.5  11.0   0.0 1.00
201.0  13.0   0.0 1.00
202.5  15.0   0.0 1.00
204.0  17.0   0.0 1.00
205.5  19.0   0.0 1.00
207.0  21.0   0.0 1.00
208.5  23.0   0.0 1.00
210.0  25.0   0.0 1.00
211.5  27.0   0.0 1.00
213.0  29.0   0.0 1.00
214.5  31.0   0.0 1.00
216.0  33.0   0.0 1.00
217.5  35.0   0.0 1.00
219.0  37.0   0.0 1.00
220.5  39.0   0.0 1.00
222.0  41.0   0.0 1.00
223.5  43.0   0.0 1.00
225.0  45.0   0.0 1.00
226.5  47.0   0.0 1.00
228.0  49.0   0.0 1.00
229.5  51.0   0.0 1.00
231.0  53.0   0.0 1.00
232.5  55.0   0.0 1.00
234.0  57.0   0.0 1.00
235.5  59.0   0.0 1.00
237.0  61.0   0.0 1.00
238.5  63.0   0.0 1.00
240.0  65.0   0.0 1.00
241.5  67.0   0.0 1.00
243.0  69.0   0.0 1.00
244.5  71.0   0.0 1.00
246.0  73.0   0.0 1.00
247.5  75.0   0.0 1.00
249.0  77.0   0.0 1.00
250.5  79.0   0.0 1.00
252.0  81.0   0.0 1.00
253.5  83.0   0.0 1.00
255.0  85.0   0.0 1.00
255.0  87.0   0.0 1.00
255.0  89.0   0.0 1.00
255.0  91.0   0.0 1.00
255.0  93.0   0.0 1.00
255.0  95.0   0.0 1.00
255.0  97.0   0.0 1.00
255.0  99.0   0.0 1.00
255.0 101.0   0.0 1.00
255.0 103.0   0.0 1.00
255.0 105.0   0.0 1.00
255.0 107.0   0.0 1.00
255.0 109.0   0.0 1.00
255.0 111.0   0.0 1.00
255.0 113.0   0.0 1.00
255.0 115.0   0.0 1.00
255.0 117.0   0.0 1.00
255.0 119.0   0.0 1.00
255.0 121.0   0.0 1.00
255.0 123.0   0.0 1.00
255.0 125.0   0.0 1.00
255.0 127.0   0.0 1.00
255.0 129.0   3.0 1.00
255.0 131.0   7.0 1.00
255.0 133.0  11.0 1.00
255.0 135.0  15.0 1.00
255.0 137.0  19.0 1.00
255.0 139.0  23.0 1.00
255.0 141.0  27.0 1.00
255.0 143.0  31.0 1.00
255.0 145.0  35.0 1.00
255.0 147.0  39.0 1.00
255.0 149.0  43.0 1.00
255.0 151.0  47.0 1.00
255.0 153.0  51.0 1.00
255.0 155.0  55.0 1.00
255.0 157.0  59.0 1.00
255.0 159.0  63.0 1.00
255.0 161.0  67.0 1.00
255.0 163.0  71.0 1.00
255.0 165.0  75.0 1.00
255.0 167.0  79.0 1.00
255.0 169.0  83.0 1.00
255.0 171.0  87.0 1.00
255.0 173.0  91.0 1.00
255.0 175.0  95.0 1.00
255.0 177.0  99.0 1.00
255.0 179.0 103.0 1.00
255.0 181.0 107.0 1.00
255.0 183.0 111.0 1.00
255.0 185.0 115.0 1.00
255.0 187.0 119.0 1.00
255.0 189.0 123.0 1.00
255.0 191.0 127.0 1.00
255.0 193.0 131.0 1.00
255.0 195.0 135.0 1.00
255.0 197.0 139.0 1.00
255.0 199.0 143.0 1.00
255.0 201.0 147.0 1.00
255.0 203.0 151.0 1.00
255.0 205.0 155.0 1.00
255.0 207.0 159.0 1.00
255.0 209.0 163.0 1.00
255.0 211.0 167.0 1.00
255.0 213.0 171.0 1.00
255.0 215.0 175.0 1.00
255.0 217.0 179.0 1.00
255.0 219.0 183.0 1.00
255.0 221.0 187.0 1.00
255.0 223.0 191.0 1.00
255.0 225.0 195.0 1.00
255.0 227.0 199.0 1.00
255.0 229.0 203.0 1.00
255.0 231.0 207.0 1.00
255.0 233.0 211.0 1.00
255.0 235.0 215.0 1.00
255.0 237.0 219.0 1.00
255.0 239.0 223.0 1.00
255.0 241.0 227.0 1.00
255.0 243.0 231.0 1.00
255.0 245.0 235.0 1.00
255.0 247.0 239.0 1.00
255.0 249.0 243.0 1.00
255.0 251.0 247.0 1.00
255.0 253.0 251.0 1.00
255.0 255.0 255.0 1.00
