# comment
182
  0.0   0.0   0.0 1.00
  1.0   0.0   0.0 1.00
  2.0   0.0   0.0 1.00
  5.0   0.0   0.0 1.00
  7.0   0.0   0.0 1.00
 10.0   0.0   0.0 1.00
 11.0   0.0   0.0 1.00
 13.0   0.0   0.0 1.00
 15.0   0.0   0.0 1.00
 17.0   0.0   0.0 1.00
 20.0   0.0   0.0 1.00
 21.0   0.0   0.0 1.00
 23.0   0.0   0.0 1.00
 26.0   0.0   0.0 1.00
 27.0   0.0   0.0 1.00
 30.0   0.0   0.0 1.00
 31.0   0.0   0.0 1.00
 33.0   0.0   0.0 1.00
 36.0   0.0   0.0 1.00
 37.0   0.0   0.0 1.00
 40.0   0.0   0.0 1.00
 42.0   0.0   0.0 1.00
 43.0   0.0   0.0 1.00
 46.0   0.0   0.0 1.00
 47.0   0.0   0.0 1.00
 50.0   0.0   0.0 1.00
 52.0   0.0   0.0 1.00
 55.0   0.0   0.0 1.00
 56.0   0.0   0.0 1.00
 57.0   0.0   0.0 1.00
 60.0   0.0   0.0 1.00
 62.0   0.0   0.0 1.00
 65.0   0.0   0.0 1.00
 66.0   0.0   0.0 1.00
 68.0   0.0   0.0 1.00
 70.0   0.0   0.0 1.00
 72.0   0.0   0.0 1.00
 75.0   0.0   0.0 1.00
 76.0   0.0   0.0 1.00
 78.0   0.0   0.0 1.00
 81.0   0.0   0.0 1.00
 82.0   0.0   0.0 1.00
 85.0   0.0   0.0 1.00
 86.0   0.0   0.0 1.00
 88.0   0.0   0.0 1.00
 91.0   0.0   0.0 1.00
 92.0   0.0   0.0 1.00
 95.0   0.0   0.0 1.00
 97.0   0.0   0.0 1.00
 99.0   0.0   0.0 1.00
101.0   0.0   0.0 1.00
102.0   0.0   0.0 1.00
105.0   0.0   0.0 1.00
107.0   0.0   0.0 1.00
110.0   0.0   0.0 1.00
111.0   0.0   0.0 1.00
113.0   0.0   0.0 1.00
115.0   0.0   0.0 1.00
117.0   0.0   0.0 1.00
120.0   0.0   0.0 1.00
121.0   0.0   0.0 1.00
123.0   0.0   0.0 1.00
126.0   0.0   0.0 1.00
127.0   0.0   0.0 1.00
130.0   0.0   0.0 1.00
131.0   0.0   0.0 1.00
133.0   0.0   0.0 1.00
136.0   0.0   0.0 1.00
137.0   0.0   0.0 1.00
140.0   0.0   0.0 1.00
141.0   0.0   0.0 1.00
144.0   0.0   0.0 1.00
146.0   0.0   0.0 1.00
147.0   0.0   0.0 1.00
150.0   0.0   0.0 1.00
152.0   0.0   0.0 1.00
155.0   0.0   0.0 1.00
156.0   0.0   0.0 1.00
157.0   0.0   0.0 1.00
160.0   0.0   0.0 1.00
162.0   0.0   0.0 1.00
165.0   0.0   0.0 1.00
166.0   0.0   0.0 1.00
168.0   0.0   0.0 1.00
170.0   0.0   0.0 1.00
172.0   0.0   0.0 1.00
175.0   1.0   0.0 1.00
176.0   3.0   0.0 1.00
178.0   5.0   0.0 1.00
181.0   9.0   0.0 1.00
182.0  11.0   0.0 1.00
185.0  15.0   0.0 1.00
186.0  17.0   0.0 1.00
189.0  20.0   0.0 1.00
191.0  22.0   0.0 1.00
192.0  24.0   0.0 1.00
195.0  28.0   0.0 1.00
197.0  30.0   0.0 1.00
199.0  34.0   0.0 1.00
201.0  35.0   0.0 1.00
202.0  37.0   0.0 1.00
205.0  41.0   0.0 1.00
207.0  43.0   0.0 1.00
210.0  47.0   0.0 1.00
211.0  49.0   0.0 1.00
212.0  51.0   0.0 1.00
215.0  54.0   0.0 1.00
217.0  56.0   0.0 1.00
220.0  60.0   0.0 1.00
221.0  62.0   0.0 1.00
223.0  64.0   0.0 1.00
226.0  68.0   0.0 1.00
227.0  69.0   0.0 1.00
230.0  73.0   0.0 1.00
231.0  75.0   0.0 1.00
234.0  79.0   0.0 1.00
236.0  81.0   0.0 1.00
237.0  83.0   0.0 1.00
240.0  86.0   0.0 1.00
241.0  88.0   0.0 1.00
244.0  92.0   0.0 1.00
246.0  94.0   0.0 1.00
247.0  96.0   0.0 1.00
250.0 100.0   0.0 1.00
252.0 102.0   0.0 1.00
255.0 105.0   0.0 1.00
255.0 107.0   0.0 1.00
255.0 109.0   0.0 1.00
255.0 113.0   0.0 1.00
255.0 115.0   0.0 1.00
255.0 119.0   0.0 1.00
255.0 120.0   0.0 1.00
255.0 122.0   0.0 1.00
255.0 126.0   0.0 1.00
255.0 128.0   0.0 1.00
255.0 132.0   0.0 1.00
255.0 134.0   3.0 1.00
255.0 137.0  11.0 1.00
255.0 139.0  15.0 1.00
255.0 141.0  19.0 1.00
255.0 145.0  27.0 1.00
255.0 147.0  31.0 1.00
255.0 151.0  39.0 1.00
255.0 153.0  43.0 1.00
255.0 154.0  47.0 1.00
255.0 158.0  54.0 1.00
255.0 160.0  58.0 1.00
255.0 164.0  66.0 1.00
255.0 166.0  70.0 1.00
255.0 168.0  74.0 1.00
255.0 171.0  82.0 1.00
255.0 173.0  86.0 1.00
255.0 177.0  94.0 1.00
255.0 179.0  98.0 1.00
255.0 181.0 102.0 1.00
255.0 185.0 109.0 1.00
255.0 187.0 113.0 1.00
255.0 190.0 121.0 1.00
255.0 192.0 125.0 1.00
255.0 196.0 133.0 1.00
255.0 198.0 137.0 1.00
255.0 200.0 141.0 1.00
255.0 204.0 149.0 1.00
255.0 205.0 153.0 1.00
255.0 209.0 160.0 1.00
255.0 211.0 164.0 1.00
255.0 213.0 168.0 1.00
255.0 217.0 176.0 1.00
255.0 219.0 180.0 1.00
255.0 222.0 188.0 1.00
255.0 224.0 192.0 1.00
255.0 226.0 196.0 1.00
255.0 230.0 204.0 1.00
255.0 232.0 207.0 1.00
255.0 236.0 215.0 1.00
255.0 238.0 219.0 1.00
255.0 239.0 223.0 1.00
255.0 243.0 231.0 1.00
255.0 245.0 235.0 1.00
255.0 249.0 243.0 1.00
255.0 251.0 247.0 1.00
255.0 255.0 255.0 1.00
