# comment
182
  0.0   0.0   0.0 1.00
  4.0   0.0   3.0 1.00
  9.0   0.0   7.0 1.00
 18.0   0.0  14.0 1.00
 22.0   0.0  19.0 1.00
 31.0   0.0  28.0 1.00
 36.0   0.0  32.0 1.00
 40.0   0.0  38.0 1.00
 50.0   0.0  48.0 1.00
 54.0   0.0  53.0 1.00
 61.0   0.0  63.0 1.00
 64.0   0.0  68.0 1.00
 68.0   0.0  72.0 1.00
 72.0   0.0  81.0 1.00
 74.0   0.0  86.0 1.00
 79.0   0.0  95.0 1.00
 80.0   0.0 100.0 1.00
 82.0   0.0 104.0 1.00
 85.0   0.0 113.0 1.00
 84.0   0.0 118.0 1.00
 87.0   0.0 127.0 1.00
 88.0   0.0 132.0 1.00
 86.0   0.0 136.0 1.00
 87.0   0.0 145.0 1.00
 87.0   0.0 150.0 1.00
 84.0   0.0 159.0 1.00
 84.0   0.0 163.0 1.00
 83.0   0.0 173.0 1.00
 79.0   0.0 177.0 1.00
 78.0   0.0 182.0 1.00
 76.0   0.0 191.0 1.00
 71.0   0.0 195.0 1.00
 68.0   0.0 204.0 1.00
 66.0   0.0 209.0 1.00
 60.0   0.0 214.0 1.00
 55.0   0.0 223.0 1.00
 53.0   0.0 227.0 1.00
 43.0   0.0 236.0 1.00
 40.0   0.0 241.0 1.00
 36.0   0.0 245.0 1.00
 25.0   0.0 255.0 1.00
 21.0   0.0 255.0 1.00
 12.0   0.0 255.0 1.00
  4.0   0.0 255.0 1.00
  0.0   0.0 255.0 1.00
  0.0   8.0 255.0 1.00
  0.0  16.0 255.0 1.00
  0.0  25.0 255.0 1.00
  0.0  29.0 255.0 1.00
  0.0  42.0 255.0 1.00
  0.0  46.0 255.0 1.00
  0.0  51.0 255.0 1.00
  0.0  63.0 255.0 1.00
  0.0  67.0 255.0 1.00
  0.0  76.0 255.0 1.00
  0.0  84.0 255.0 1.00
  0.0  89.0 255.0 1.00
  0.0  97.0 255.0 1.00
  0.0 106.0 255.0 1.00
  0.0 114.0 255.0 1.00
  0.0 119.0 255.0 1.00
  0.0 127.0 255.0 1.00
  0.0 135.0 255.0 1.00
  0.0 140.0 255.0 1.00
  0.0 152.0 255.0 1.00
  0.0 157.0 255.0 1.00
  0.0 161.0 255.0 1.00
  0.0 174.0 255.0 1.00
  0.0 178.0 255.0 1.00
  0.0 187.0 255.0 1.00
  0.0 195.0 255.0 1.00
  0.0 203.0 255.0 1.00
  0.0 208.0 255.0 1.00
  0.0 216.0 255.0 1.00
  0.0 225.0 255.0 1.00
  0.0 229.0 255.0 1.00
  0.0 242.0 255.0 1.00
  0.0 246.0 255.0 1.00
  0.0 250.0 255.0 1.00
  0.0 255.0 246.0 1.00
  0.0 255.0 242.0 1.00
  0.0 255.0 233.0 1.00
  0.0 255.0 225.0 1.00
  0.0 255.0 220.0 1.00
  0.0 255.0 212.0 1.00
  0.0 255.0 203.0 1.00
  0.0 255.0 195.0 1.00
  0.0 255.0 191.0 1.00
  0.0 255.0 187.0 1.00
  0.0 255.0 174.0 1.00
  0.0 255.0 170.0 1.00
  0.0 255.0 157.0 1.00
  0.0 255.0 152.0 1.00
  0.0 255.0 144.0 1.00
  0.0 255.0 135.0 1.00
  0.0 255.0 131.0 1.00
  0.0 255.0 123.0 1.00
  0.0 255.0 114.0 1.00
  0.0 255.0 106.0 1.00
  0.0 255.0 102.0 1.00
  0.0 255.0  97.0 1.00
  0.0 255.0  84.0 1.00
  0.0 255.0  80.0 1.00
  0.0 255.0  67.0 1.00
  0.0 255.0  63.0 1.00
  0.0 255.0  59.0 1.00
  0.0 255.0  46.0 1.00
  0.0 255.0  42.0 1.00
  0.0 255.0  34.0 1.00
  0.0 255.0  25.0 1.00
  0.0 255.0  21.0 1.00
  0.0 255.0  12.0 1.00
  0.0 255.0   8.0 1.00
  4.0 255.0   0.0 1.00
  8.0 255.0   0.0 1.00
 21.0 255.0   0.0 1.00
 25.0 255.0   0.0 1.00
 29.0 255.0   0.0 1.00
 42.0 255.0   0.0 1.00
 46.0 255.0   0.0 1.00
 55.0 255.0   0.0 1.00
 63.0 255.0   0.0 1.00
 67.0 255.0   0.0 1.00
 76.0 255.0   0.0 1.00
 80.0 255.0   0.0 1.00
 93.0 255.0   0.0 1.00
 97.0 255.0   0.0 1.00
101.0 255.0   0.0 1.00
114.0 255.0   0.0 1.00
119.0 255.0   0.0 1.00
131.0 255.0   0.0 1.00
135.0 255.0   0.0 1.00
140.0 255.0   0.0 1.00
153.0 255.0   0.0 1.00
157.0 255.0   0.0 1.00
165.0 255.0   0.0 1.00
169.0 255.0   0.0 1.00
182.0 255.0   0.0 1.00
187.0 255.0   0.0 1.00
191.0 255.0   0.0 1.00
203.0 255.0   0.0 1.00
208.0 255.0   0.0 1.00
221.0 255.0   0.0 1.00
225.0 255.0   0.0 1.00
229.0 255.0   0.0 1.00
242.0 255.0   0.0 1.00
246.0 255.0   0.0 1.00
255.0 255.0   0.0 1.00
255.0 250.0   0.0 1.00
255.0 242.0   0.0 1.00
255.0 233.0   0.0 1.00
255.0 229.0   0.0 1.00
255.0 216.0   0.0 1.00
255.0 212.0   0.0 1.00
255.0 208.0   0.0 1.00
255.0 195.0   0.0 1.00
255.0 191.0   0.0 1.00
255.0 178.0   0.0 1.00
255.0 174.0   0.0 1.00
255.0 165.0   0.0 1.00
255.0 161.0   0.0 1.00
255.0 153.0   0.0 1.00
255.0 144.0   0.0 1.00
255.0 140.0   0.0 1.00
255.0 127.0   0.0 1.00
255.0 123.0   0.0 1.00
255.0 119.0   0.0 1.00
255.0 106.0   0.0 1.00
255.0 102.0   0.0 1.00
255.0  89.0   0.0 1.00
255.0  85.0   0.0 1.00
255.0  80.0   0.0 1.00
255.0  72.0   0.0 1.00
255.0  63.0   0.0 1.00
255.0  55.0   0.0 1.00
255.0  51.0   0.0 1.00
255.0  42.0   0.0 1.00
255.0  34.0   0.0 1.00
255.0  29.0   0.0 1.00
255.0  17.0   0.0 1.00
255.0  12.0   0.0 1.00
255.0   0.0   0.0 1.00
