# IDL builtin colortable #33 (BLUE-RED)
182
  0.0   0.0 131.0 1.00
  0.0   0.0 131.0 1.00
  0.0   0.0 135.0 1.00
  0.0   0.0 143.0 1.00
  0.0   0.0 147.0 1.00
  0.0   0.0 155.0 1.00
  0.0   0.0 159.0 1.00
  0.0   0.0 163.0 1.00
  0.0   0.0 171.0 1.00
  0.0   0.0 175.0 1.00
  0.0   0.0 183.0 1.00
  0.0   0.0 187.0 1.00
  0.0   0.0 191.0 1.00
  0.0   0.0 199.0 1.00
  0.0   0.0 203.0 1.00
  0.0   0.0 211.0 1.00
  0.0   0.0 215.0 1.00
  0.0   0.0 219.0 1.00
  0.0   0.0 227.0 1.00
  0.0   0.0 231.0 1.00
  0.0   0.0 239.0 1.00
  0.0   0.0 243.0 1.00
  0.0   0.0 247.0 1.00
  0.0   0.0 255.0 1.00
  0.0   0.0 255.0 1.00
  0.0   7.0 255.0 1.00
  0.0  11.0 255.0 1.00
  0.0  19.0 255.0 1.00
  0.0  23.0 255.0 1.00
  0.0  27.0 255.0 1.00
  0.0  35.0 255.0 1.00
  0.0  39.0 255.0 1.00
  0.0  47.0 255.0 1.00
  0.0  51.0 255.0 1.00
  0.0  55.0 255.0 1.00
  0.0  63.0 255.0 1.00
  0.0  67.0 255.0 1.00
  0.0  75.0 255.0 1.00
  0.0  79.0 255.0 1.00
  0.0  83.0 255.0 1.00
  0.0  91.0 255.0 1.00
  0.0  95.0 255.0 1.00
  0.0 103.0 255.0 1.00
  0.0 107.0 255.0 1.00
  0.0 111.0 255.0 1.00
  0.0 119.0 255.0 1.00
  0.0 123.0 255.0 1.00
  0.0 131.0 255.0 1.00
  0.0 135.0 255.0 1.00
  0.0 143.0 255.0 1.00
  0.0 147.0 255.0 1.00
  0.0 151.0 255.0 1.00
  0.0 159.0 255.0 1.00
  0.0 163.0 255.0 1.00
  0.0 171.0 255.0 1.00
  0.0 175.0 255.0 1.00
  0.0 179.0 255.0 1.00
  0.0 187.0 255.0 1.00
  0.0 191.0 255.0 1.00
  0.0 199.0 255.0 1.00
  0.0 203.0 255.0 1.00
  0.0 207.0 255.0 1.00
  0.0 215.0 255.0 1.00
  0.0 219.0 255.0 1.00
  0.0 227.0 255.0 1.00
  0.0 231.0 255.0 1.00
  0.0 235.0 255.0 1.00
  0.0 243.0 255.0 1.00
  0.0 247.0 255.0 1.00
  0.0 255.0 255.0 1.00
  0.0 255.0 255.0 1.00
  7.0 255.0 247.0 1.00
 11.0 255.0 243.0 1.00
 15.0 255.0 239.0 1.00
 23.0 255.0 231.0 1.00
 27.0 255.0 227.0 1.00
 35.0 255.0 219.0 1.00
 39.0 255.0 215.0 1.00
 43.0 255.0 211.0 1.00
 51.0 255.0 203.0 1.00
 55.0 255.0 199.0 1.00
 63.0 255.0 191.0 1.00
 67.0 255.0 187.0 1.00
 71.0 255.0 183.0 1.00
 79.0 255.0 175.0 1.00
 83.0 255.0 171.0 1.00
 91.0 255.0 163.0 1.00
 95.0 255.0 159.0 1.00
 99.0 255.0 155.0 1.00
107.0 255.0 147.0 1.00
111.0 255.0 143.0 1.00
119.0 255.0 135.0 1.00
123.0 255.0 131.0 1.00
131.0 255.0 123.0 1.00
135.0 255.0 119.0 1.00
139.0 255.0 115.0 1.00
147.0 255.0 107.0 1.00
151.0 255.0 103.0 1.00
159.0 255.0  95.0 1.00
163.0 255.0  91.0 1.00
167.0 255.0  87.0 1.00
175.0 255.0  79.0 1.00
179.0 255.0  75.0 1.00
187.0 255.0  67.0 1.00
191.0 255.0  63.0 1.00
195.0 255.0  59.0 1.00
203.0 255.0  51.0 1.00
207.0 255.0  47.0 1.00
215.0 255.0  39.0 1.00
219.0 255.0  35.0 1.00
223.0 255.0  31.0 1.00
231.0 255.0  23.0 1.00
235.0 255.0  19.0 1.00
243.0 255.0  11.0 1.00
247.0 255.0   7.0 1.00
255.0 255.0   0.0 1.00
255.0 251.0   0.0 1.00
255.0 247.0   0.0 1.00
255.0 239.0   0.0 1.00
255.0 235.0   0.0 1.00
255.0 227.0   0.0 1.00
255.0 223.0   0.0 1.00
255.0 219.0   0.0 1.00
255.0 211.0   0.0 1.00
255.0 207.0   0.0 1.00
255.0 199.0   0.0 1.00
255.0 195.0   0.0 1.00
255.0 191.0   0.0 1.00
255.0 183.0   0.0 1.00
255.0 179.0   0.0 1.00
255.0 171.0   0.0 1.00
255.0 167.0   0.0 1.00
255.0 163.0   0.0 1.00
255.0 155.0   0.0 1.00
255.0 151.0   0.0 1.00
255.0 143.0   0.0 1.00
255.0 139.0   0.0 1.00
255.0 131.0   0.0 1.00
255.0 127.0   0.0 1.00
255.0 123.0   0.0 1.00
255.0 115.0   0.0 1.00
255.0 111.0   0.0 1.00
255.0 103.0   0.0 1.00
255.0  99.0   0.0 1.00
255.0  95.0   0.0 1.00
255.0  87.0   0.0 1.00
255.0  83.0   0.0 1.00
255.0  75.0   0.0 1.00
255.0  71.0   0.0 1.00
255.0  67.0   0.0 1.00
255.0  59.0   0.0 1.00
255.0  55.0   0.0 1.00
255.0  47.0   0.0 1.00
255.0  43.0   0.0 1.00
255.0  39.0   0.0 1.00
255.0  31.0   0.0 1.00
255.0  27.0   0.0 1.00
255.0  19.0   0.0 1.00
255.0  15.0   0.0 1.00
255.0   7.0   0.0 1.00
255.0   3.0   0.0 1.00
255.0   0.0   0.0 1.00
246.0   0.0   0.0 1.00
241.0   0.0   0.0 1.00
233.0   0.0   0.0 1.00
228.0   0.0   0.0 1.00
224.0   0.0   0.0 1.00
215.0   0.0   0.0 1.00
211.0   0.0   0.0 1.00
202.0   0.0   0.0 1.00
197.0   0.0   0.0 1.00
193.0   0.0   0.0 1.00
184.0   0.0   0.0 1.00
180.0   0.0   0.0 1.00
171.0   0.0   0.0 1.00
167.0   0.0   0.0 1.00
162.0   0.0   0.0 1.00
153.0   0.0   0.0 1.00
149.0   0.0   0.0 1.00
140.0   0.0   0.0 1.00
136.0   0.0   0.0 1.00
131.0   0.0   0.0 1.00
