# comment
256
  0.0   0.0   0.0 1.00
  2.0   0.0   0.0 1.00
  4.0   0.0   0.0 1.00
  6.0   0.0   0.0 1.00
  8.0   0.0   0.0 1.00
 10.0   0.0   0.0 1.00
 12.0   0.0   0.0 1.00
 14.0   0.0   0.0 1.00
 16.0   0.0   0.0 1.00
 18.0   0.0   0.0 1.00
 20.0   0.0   0.0 1.00
 22.0   0.0   0.0 1.00
 24.0   0.0   0.0 1.00
 26.0   0.0   0.0 1.00
 28.0   0.0   0.0 1.00
 30.0   0.0   0.0 1.00
 32.0   0.0   0.0 1.00
 34.0   0.0   0.0 1.00
 36.0   0.0   0.0 1.00
 38.0   0.0   0.0 1.00
 40.0   0.0   0.0 1.00
 42.0   0.0   0.0 1.00
 44.0   0.0   0.0 1.00
 46.0   0.0   0.0 1.00
 48.0   0.0   0.0 1.00
 50.0   0.0   0.0 1.00
 52.0   0.0   0.0 1.00
 54.0   0.0   0.0 1.00
 56.0   0.0   0.0 1.00
 58.0   0.0   0.0 1.00
 60.0   0.0   0.0 1.00
 62.0   0.0   0.0 1.00
 64.0   0.0   0.0 1.00
 66.0   0.0   0.0 1.00
 68.0   0.0   0.0 1.00
 70.0   0.0   0.0 1.00
 72.0   0.0   0.0 1.00
 74.0   0.0   0.0 1.00
 76.0   0.0   0.0 1.00
 78.0   0.0   0.0 1.00
 80.0   0.0   0.0 1.00
 82.0   0.0   0.0 1.00
 84.0   0.0   0.0 1.00
 86.0   0.0   0.0 1.00
 88.0   0.0   0.0 1.00
 90.0   0.0   0.0 1.00
 92.0   0.0   0.0 1.00
 94.0   0.0   0.0 1.00
 96.0   0.0   0.0 1.00
 98.0   0.0   0.0 1.00
100.0   0.0   0.0 1.00
102.0   0.0   0.0 1.00
104.0   0.0   0.0 1.00
106.0   0.0   0.0 1.00
108.0   0.0   0.0 1.00
110.0   0.0   0.0 1.00
112.0   0.0   0.0 1.00
114.0   0.0   0.0 1.00
116.0   0.0   0.0 1.00
118.0   0.0   0.0 1.00
120.0   0.0   0.0 1.00
122.0   0.0   0.0 1.00
124.0   0.0   0.0 1.00
126.0   0.0   0.0 1.00
128.0   0.5   0.0 1.00
130.0   2.5   0.0 1.00
132.0   4.5   0.0 1.00
134.0   6.5   0.0 1.00
136.0   8.5   0.0 1.00
138.0  10.5   0.0 1.00
140.0  12.5   0.0 1.00
142.0  14.5   0.0 1.00
144.0  16.5   0.0 1.00
146.0  18.5   0.0 1.00
148.0  20.5   0.0 1.00
150.0  22.5   0.0 1.00
152.0  24.5   0.0 1.00
154.0  26.5   0.0 1.00
156.0  28.5   0.0 1.00
158.0  30.5   0.0 1.00
160.0  32.5   0.0 1.00
162.0  34.5   0.0 1.00
164.0  36.5   0.0 1.00
166.0  38.5   0.0 1.00
168.0  40.5   0.0 1.00
170.0  42.5   0.0 1.00
172.0  44.5   0.0 1.00
174.0  46.5   0.0 1.00
176.0  48.5   0.0 1.00
178.0  50.5   0.0 1.00
180.0  52.5   0.0 1.00
182.0  54.5   0.0 1.00
184.0  56.5   0.0 1.00
186.0  58.5   0.0 1.00
188.0  60.5   0.0 1.00
190.0  62.5   0.0 1.00
192.0  64.5   0.0 1.00
194.0  66.5   0.0 1.00
196.0  68.5   0.0 1.00
198.0  70.5   0.0 1.00
200.0  72.5   0.0 1.00
202.0  74.5   0.0 1.00
204.0  76.5   0.0 1.00
206.0  78.5   0.0 1.00
208.0  80.5   0.0 1.00
210.0  82.5   0.0 1.00
212.0  84.5   0.0 1.00
214.0  86.5   0.0 1.00
216.0  88.5   0.0 1.00
218.0  90.5   0.0 1.00
220.0  92.5   0.0 1.00
222.0  94.5   0.0 1.00
224.0  96.5   0.0 1.00
226.0  98.5   0.0 1.00
228.0 100.5   0.0 1.00
230.0 102.5   0.0 1.00
232.0 104.5   0.0 1.00
234.0 106.5   0.0 1.00
236.0 108.5   0.0 1.00
238.0 110.5   0.0 1.00
240.0 112.5   0.0 1.00
242.0 114.5   0.0 1.00
244.0 116.5   0.0 1.00
246.0 118.5   0.0 1.00
248.0 120.5   0.0 1.00
250.0 122.5   0.0 1.00
252.0 124.5   0.0 1.00
254.0 126.5   0.0 1.00
255.0 128.5   1.0 1.00
255.0 130.5   3.0 1.00
255.0 132.5   5.0 1.00
255.0 134.5   7.0 1.00
255.0 136.5   9.0 1.00
255.0 138.5  11.0 1.00
255.0 140.5  13.0 1.00
255.0 142.5  15.0 1.00
255.0 144.5  17.0 1.00
255.0 146.5  19.0 1.00
255.0 148.5  21.0 1.00
255.0 150.5  23.0 1.00
255.0 152.5  25.0 1.00
255.0 154.5  27.0 1.00
255.0 156.5  29.0 1.00
255.0 158.5  31.0 1.00
255.0 160.5  33.0 1.00
255.0 162.5  35.0 1.00
255.0 164.5  37.0 1.00
255.0 166.5  39.0 1.00
255.0 168.5  41.0 1.00
255.0 170.5  43.0 1.00
255.0 172.5  45.0 1.00
255.0 174.5  47.0 1.00
255.0 176.5  49.0 1.00
255.0 178.5  51.0 1.00
255.0 180.5  53.0 1.00
255.0 182.5  55.0 1.00
255.0 184.5  57.0 1.00
255.0 186.5  59.0 1.00
255.0 188.5  61.0 1.00
255.0 190.5  63.0 1.00
255.0 192.5  65.0 1.00
255.0 194.5  67.0 1.00
255.0 196.5  69.0 1.00
255.0 198.5  71.0 1.00
255.0 200.5  73.0 1.00
255.0 202.5  75.0 1.00
255.0 204.5  77.0 1.00
255.0 206.5  79.0 1.00
255.0 208.5  81.0 1.00
255.0 210.5  83.0 1.00
255.0 212.5  85.0 1.00
255.0 214.5  87.0 1.00
255.0 216.5  89.0 1.00
255.0 218.5  91.0 1.00
255.0 220.5  93.0 1.00
255.0 222.5  95.0 1.00
255.0 224.5  97.0 1.00
255.0 226.5  99.0 1.00
255.0 228.5 101.0 1.00
255.0 230.5 103.0 1.00
255.0 232.5 105.0 1.00
255.0 234.5 107.0 1.00
255.0 236.5 109.0 1.00
255.0 238.5 111.0 1.00
255.0 240.5 113.0 1.00
255.0 242.5 115.0 1.00
255.0 244.5 117.0 1.00
255.0 246.5 119.0 1.00
255.0 248.5 121.0 1.00
255.0 250.5 123.0 1.00
255.0 252.5 125.0 1.00
255.0 254.5 127.0 1.00
255.0 255.0 129.0 1.00
255.0 255.0 131.0 1.00
255.0 255.0 133.0 1.00
255.0 255.0 135.0 1.00
255.0 255.0 137.0 1.00
255.0 255.0 139.0 1.00
255.0 255.0 141.0 1.00
255.0 255.0 143.0 1.00
255.0 255.0 145.0 1.00
255.0 255.0 147.0 1.00
255.0 255.0 149.0 1.00
255.0 255.0 151.0 1.00
255.0 255.0 153.0 1.00
255.0 255.0 155.0 1.00
255.0 255.0 157.0 1.00
255.0 255.0 159.0 1.00
255.0 255.0 161.0 1.00
255.0 255.0 163.0 1.00
255.0 255.0 165.0 1.00
255.0 255.0 167.0 1.00
255.0 255.0 169.0 1.00
255.0 255.0 171.0 1.00
255.0 255.0 173.0 1.00
255.0 255.0 175.0 1.00
255.0 255.0 177.0 1.00
255.0 255.0 179.0 1.00
255.0 255.0 181.0 1.00
255.0 255.0 183.0 1.00
255.0 255.0 185.0 1.00
255.0 255.0 187.0 1.00
255.0 255.0 189.0 1.00
255.0 255.0 191.0 1.00
255.0 255.0 193.0 1.00
255.0 255.0 195.0 1.00
255.0 255.0 197.0 1.00
255.0 255.0 199.0 1.00
255.0 255.0 201.0 1.00
255.0 255.0 203.0 1.00
255.0 255.0 205.0 1.00
255.0 255.0 207.0 1.00
255.0 255.0 209.0 1.00
255.0 255.0 211.0 1.00
255.0 255.0 213.0 1.00
255.0 255.0 215.0 1.00
255.0 255.0 217.0 1.00
255.0 255.0 219.0 1.00
255.0 255.0 221.0 1.00
255.0 255.0 223.0 1.00
255.0 255.0 225.0 1.00
255.0 255.0 227.0 1.00
255.0 255.0 229.0 1.00
255.0 255.0 231.0 1.00
255.0 255.0 233.0 1.00
255.0 255.0 235.0 1.00
255.0 255.0 237.0 1.00
255.0 255.0 239.0 1.00
255.0 255.0 241.0 1.00
255.0 255.0 243.0 1.00
255.0 255.0 245.0 1.00
255.0 255.0 247.0 1.00
255.0 255.0 249.0 1.00
255.0 255.0 251.0 1.00
255.0 255.0 253.0 1.00
255.0 255.0 255.0 1.00
