# comment
256
  0.0   0.0  12.8 1.00
  0.2   0.3  13.2 1.00
  0.4   0.5  13.6 1.00
  0.6   0.8  14.0 1.00
  0.8   1.0  14.4 1.00
  1.0   1.3  14.9 1.00
  1.2   1.6  15.3 1.00
  1.4   1.8  15.7 1.00
  1.6   2.1  16.1 1.00
  1.8   2.4  16.5 1.00
  2.0   2.6  17.0 1.00
  2.2   2.9  17.4 1.00
  2.4   3.1  17.8 1.00
  2.6   3.4  18.2 1.00
  2.8   3.7  18.7 1.00
  3.0   3.9  19.1 1.00
  3.2   4.2  19.5 1.00
  3.4   4.4  19.9 1.00
  3.6   4.7  20.3 1.00
  3.8   5.0  20.8 1.00
  4.0   5.2  21.2 1.00
  4.2   5.5  21.6 1.00
  4.4   5.7  22.0 1.00
  4.6   6.0  22.5 1.00
  4.8   6.3  22.9 1.00
  5.0   6.5  23.3 1.00
  5.2   6.8  23.7 1.00
  5.4   7.1  24.1 1.00
  5.6   7.3  24.6 1.00
  5.8   7.6  25.0 1.00
  6.0   7.8  25.4 1.00
  6.2   8.1  25.8 1.00
  6.4   8.4  26.3 1.00
  6.6   8.6  26.7 1.00
  6.8   8.9  27.1 1.00
  7.0   9.1  27.5 1.00
  7.2   9.4  27.9 1.00
  7.4   9.7  28.4 1.00
  7.6   9.9  28.8 1.00
  7.8  10.2  29.2 1.00
  8.0  10.5  29.6 1.00
  8.2  10.7  30.1 1.00
  8.4  11.0  30.5 1.00
  8.6  11.2  30.9 1.00
  8.8  11.5  31.3 1.00
  9.0  11.8  31.7 1.00
  9.2  12.0  32.2 1.00
  9.4  12.3  32.6 1.00
  9.6  12.5  33.0 1.00
  9.9  12.8  33.4 1.00
 10.1  13.1  33.9 1.00
 10.3  13.3  34.3 1.00
 10.5  13.6  34.7 1.00
 10.7  13.9  35.1 1.00
 10.9  14.1  35.5 1.00
 11.1  14.4  36.0 1.00
 11.3  14.6  36.4 1.00
 11.5  14.9  36.8 1.00
 11.7  15.2  37.2 1.00
 11.9  15.4  37.7 1.00
 12.1  15.7  38.1 1.00
 12.3  15.9  38.5 1.00
 12.5  16.2  38.9 1.00
 12.7  16.5  39.3 1.00
 12.9  16.7  39.8 1.00
 13.1  17.0  40.2 1.00
 13.3  17.2  40.6 1.00
 13.5  17.5  41.0 1.00
 13.7  17.8  41.5 1.00
 13.9  18.0  41.9 1.00
 14.1  18.3  42.3 1.00
 14.3  18.6  42.7 1.00
 14.5  18.8  43.1 1.00
 14.7  19.1  43.6 1.00
 14.9  19.3  44.0 1.00
 15.1  19.6  44.4 1.00
 15.3  19.9  44.8 1.00
 15.5  20.1  45.3 1.00
 15.7  20.4  45.7 1.00
 15.9  20.6  46.1 1.00
 16.1  20.9  46.5 1.00
 16.3  21.2  46.9 1.00
 16.5  21.4  47.4 1.00
 16.7  21.7  47.8 1.00
 16.9  22.0  48.2 1.00
 17.1  22.2  48.6 1.00
 17.3  22.5  49.1 1.00
 17.5  22.7  49.5 1.00
 17.7  23.0  49.9 1.00
 17.9  23.3  50.3 1.00
 18.1  23.5  50.7 1.00
 18.3  23.8  51.2 1.00
 18.5  24.0  51.6 1.00
 18.7  24.3  52.0 1.00
 18.9  24.6  52.4 1.00
 19.1  24.8  52.9 1.00
 19.3  25.1  53.3 1.00
 19.5  25.3  53.7 1.00
 19.7  25.6  54.1 1.00
 19.9  25.9  54.5 1.00
 20.1  26.1  55.0 1.00
 20.3  26.4  55.4 1.00
 20.5  26.7  55.8 1.00
 20.7  26.9  56.2 1.00
 20.9  27.2  56.7 1.00
 21.1  27.4  57.1 1.00
 21.3  27.7  57.5 1.00
 21.5  28.0  57.9 1.00
 21.7  28.2  58.3 1.00
 21.9  28.5  58.8 1.00
 22.1  28.7  59.2 1.00
 22.3  29.0  59.6 1.00
 22.5  29.3  60.0 1.00
 22.7  29.5  60.5 1.00
 22.9  29.8  60.9 1.00
 23.1  30.1  61.3 1.00
 23.3  30.3  61.7 1.00
 23.5  30.6  62.1 1.00
 23.7  30.8  62.6 1.00
 23.9  31.1  63.0 1.00
 24.1  31.4  63.4 1.00
 24.3  31.6  63.8 1.00
 24.5  31.9  64.3 1.00
 24.7  32.1  64.7 1.00
 24.9  32.4  65.1 1.00
 25.1  32.7  65.5 1.00
 25.3  32.9  65.9 1.00
 25.5  33.2  66.4 1.00
 25.5  33.5  66.8 1.00
 25.5  33.8  67.2 1.00
 25.5  34.1  67.6 1.00
 25.5  34.4  68.0 1.00
 25.5  34.7  68.5 1.00
 25.5  35.0  68.9 1.00
 25.5  35.3  69.3 1.00
 25.5  35.6  69.7 1.00
 25.5  35.9  70.2 1.00
 25.5  36.2  70.6 1.00
 25.5  36.5  71.0 1.00
 25.5  36.8  71.4 1.00
 25.5  37.1  71.8 1.00
 25.5  37.4  72.3 1.00
 25.5  37.7  72.7 1.00
 25.5  38.0  73.1 1.00
 25.5  38.3  73.5 1.00
 25.5  38.6  73.9 1.00
 25.5  38.9  74.4 1.00
 25.5  39.2  74.8 1.00
 25.5  39.5  75.2 1.00
 25.5  39.8  75.6 1.00
 25.5  40.1  76.1 1.00
 25.5  40.4  76.5 1.00
 25.5  40.7  76.9 1.00
 25.5  41.0  77.3 1.00
 25.5  41.3  77.7 1.00
 25.5  41.5  78.2 1.00
 25.5  41.8  78.6 1.00
 25.5  42.1  79.0 1.00
 25.5  42.4  79.4 1.00
 25.5  42.7  79.8 1.00
 25.5  43.0  80.3 1.00
 25.5  43.3  80.7 1.00
 25.5  43.6  81.1 1.00
 25.5  43.9  81.5 1.00
 25.5  44.2  82.0 1.00
 25.5  44.5  82.4 1.00
 25.5  44.8  82.8 1.00
 25.5  45.1  83.2 1.00
 25.5  45.4  83.6 1.00
 25.5  45.7  84.1 1.00
 25.5  46.0  84.5 1.00
 25.5  46.3  84.9 1.00
 25.5  46.6  85.3 1.00
 25.5  46.9  85.7 1.00
 25.5  47.2  86.2 1.00
 25.5  47.5  86.6 1.00
 25.5  47.8  87.0 1.00
 25.5  48.1  87.4 1.00
 25.5  48.4  87.8 1.00
 25.5  48.7  88.3 1.00
 25.5  49.0  88.7 1.00
 25.5  49.3  89.1 1.00
 25.5  49.6  89.5 1.00
 25.5  49.9  90.0 1.00
 25.5  50.2  90.4 1.00
 25.5  50.5  90.8 1.00
 25.5  50.8  91.2 1.00
 25.5  51.1  91.6 1.00
 25.5  51.4  92.1 1.00
 25.5  51.7  92.5 1.00
 25.5  52.0  92.9 1.00
 25.5  52.3  93.3 1.00
 25.5  52.6  93.7 1.00
 25.5  52.9  94.2 1.00
 25.5  53.2  94.6 1.00
 25.5  53.5  95.0 1.00
 25.5  53.8  95.4 1.00
 25.5  54.1  95.9 1.00
 25.5  54.4  96.3 1.00
 25.5  54.7  96.7 1.00
 25.5  55.0  97.1 1.00
 25.5  55.3  97.5 1.00
 25.5  55.6  98.0 1.00
 25.5  55.9  98.4 1.00
 25.5  56.2  98.8 1.00
 25.5  56.5  99.2 1.00
 25.5  56.8  99.6 1.00
 25.5  57.1 100.1 1.00
 25.5  57.4 100.5 1.00
 25.5  57.7 100.9 1.00
 25.5  58.0 101.3 1.00
 25.5  58.3 101.8 1.00
 25.5  58.6 102.2 1.00
 25.5  58.9 102.6 1.00
 25.5  59.2 103.0 1.00
 25.5  59.5 103.4 1.00
 25.5  59.8 103.9 1.00
 25.5  60.1 104.3 1.00
 25.5  60.4 104.7 1.00
 25.5  60.6 105.1 1.00
 25.5  60.9 105.5 1.00
 25.5  61.2 106.0 1.00
 25.5  61.5 106.4 1.00
 25.5  61.8 106.8 1.00
 25.5  62.1 107.2 1.00
 25.5  62.4 107.6 1.00
 25.5  62.7 108.1 1.00
 25.5  63.0 108.5 1.00
 25.5  63.3 108.9 1.00
 25.5  63.6 109.3 1.00
 25.5  63.9 109.8 1.00
 25.5  64.2 110.2 1.00
 25.5  64.5 110.6 1.00
 25.5  64.8 111.0 1.00
 25.5  65.1 111.4 1.00
 25.5  65.4 111.9 1.00
 25.5  65.7 112.3 1.00
 25.5  66.0 112.7 1.00
 25.5  66.3 113.1 1.00
 25.5  66.6 113.5 1.00
 25.5  66.9 114.0 1.00
 25.5  67.2 114.4 1.00
 25.5  67.5 114.8 1.00
 25.5  67.8 115.2 1.00
 25.5  68.1 115.7 1.00
 25.5  68.4 116.1 1.00
 25.5  68.7 116.5 1.00
 25.5  69.0 116.9 1.00
 25.5  69.3 117.3 1.00
 25.5  69.6 117.8 1.00
 25.5  69.9 118.2 1.00
 25.5  70.2 118.6 1.00
 25.5  70.5 119.0 1.00
 25.5  70.8 119.4 1.00
 25.5  71.1 119.9 1.00
 25.5  71.4 120.3 1.00
