# comment
256
  0.0  34.5  77.7 1.00
  0.0  35.2  79.3 1.00
  0.0  36.0  81.0 1.00
  0.0  36.7  82.6 1.00
  0.0  37.5  84.3 1.00
  0.0  38.2  86.0 1.00
  0.0  38.9  87.6 1.00
  0.0  39.6  89.4 1.00
  0.0  40.3  91.2 1.00
  0.0  40.9  93.0 1.00
  0.0  41.6  94.8 1.00
  0.0  42.2  96.6 1.00
  0.0  42.9  98.4 1.00
  0.0  43.6 100.2 1.00
  0.0  44.2 102.1 1.00
  0.0  44.9 103.9 1.00
  0.0  45.6 105.8 1.00
  0.0  46.3 107.6 1.00
  0.0  47.1 109.3 1.00
  0.0  47.7 111.1 1.00
  0.0  48.1 112.1 1.00
  0.0  48.7 112.5 1.00
  0.0  49.3 112.6 1.00
  0.9  50.0 112.6 1.00
  4.6  50.6 112.5 1.00
  8.2  51.3 112.4 1.00
 11.8  52.0 112.2 1.00
 14.9  52.7 112.1 1.00
 17.6  53.4 111.9 1.00
 20.0  54.1 111.7 1.00
 22.3  54.8 111.5 1.00
 24.4  55.5 111.3 1.00
 26.4  56.2 111.1 1.00
 28.2  56.9 110.9 1.00
 30.0  57.6 110.7 1.00
 31.7  58.3 110.6 1.00
 33.3  59.0 110.4 1.00
 34.9  59.7 110.2 1.00
 36.4  60.4 110.0 1.00
 37.9  61.1 109.8 1.00
 39.3  61.8 109.7 1.00
 40.7  62.5 109.5 1.00
 42.1  63.2 109.4 1.00
 43.4  63.9 109.2 1.00
 44.7  64.6 109.1 1.00
 46.0  65.3 109.0 1.00
 47.3  66.0 108.8 1.00
 48.5  66.7 108.7 1.00
 49.7  67.4 108.6 1.00
 50.9  68.1 108.5 1.00
 52.1  68.8 108.4 1.00
 53.3  69.5 108.3 1.00
 54.4  70.2 108.2 1.00
 55.6  70.9 108.2 1.00
 56.7  71.6 108.1 1.00
 57.8  72.3 108.0 1.00
 58.9  73.0 108.0 1.00
 60.0  73.7 107.9 1.00
 61.0  74.3 107.9 1.00
 62.1  75.0 107.9 1.00
 63.1  75.7 107.8 1.00
 64.2  76.4 107.8 1.00
 65.2  77.1 107.8 1.00
 66.2  77.8 107.8 1.00
 67.3  78.5 107.8 1.00
 68.3  79.2 107.8 1.00
 69.3  79.9 107.8 1.00
 70.3  80.6 107.9 1.00
 71.2  81.3 107.9 1.00
 72.2  82.0 107.9 1.00
 73.2  82.6 108.0 1.00
 74.2  83.3 108.0 1.00
 75.1  84.0 108.0 1.00
 76.1  84.7 108.1 1.00
 77.1  85.4 108.2 1.00
 78.0  86.1 108.3 1.00
 78.9  86.8 108.3 1.00
 79.9  87.5 108.4 1.00
 80.8  88.2 108.5 1.00
 81.8  88.9 108.6 1.00
 82.7  89.6 108.7 1.00
 83.6  90.3 108.8 1.00
 84.5  91.0 108.9 1.00
 85.4  91.7 109.0 1.00
 86.4  92.4 109.2 1.00
 87.3  93.1 109.3 1.00
 88.2  93.8 109.4 1.00
 89.1  94.5 109.6 1.00
 90.0  95.2 109.7 1.00
 90.9  95.9 109.9 1.00
 91.8  96.6 110.0 1.00
 92.7  97.3 110.2 1.00
 93.6  98.0 110.4 1.00
 94.5  98.7 110.5 1.00
 95.3  99.4 110.7 1.00
 96.2 100.1 110.9 1.00
 97.1 100.8 111.1 1.00
 98.0 101.5 111.3 1.00
 98.9 102.2 111.5 1.00
 99.7 102.9 111.7 1.00
100.6 103.6 111.9 1.00
101.5 104.3 112.2 1.00
102.4 105.0 112.4 1.00
103.2 105.7 112.6 1.00
104.1 106.4 112.9 1.00
105.0 107.1 113.1 1.00
105.8 107.8 113.4 1.00
106.7 108.6 113.6 1.00
107.5 109.3 113.9 1.00
108.4 110.0 114.2 1.00
109.3 110.7 114.5 1.00
110.1 111.4 114.7 1.00
111.0 112.1 115.0 1.00
111.8 112.9 115.3 1.00
112.7 113.6 115.7 1.00
113.5 114.3 116.0 1.00
114.4 115.0 116.3 1.00
115.2 115.7 116.7 1.00
116.0 116.5 117.0 1.00
116.9 117.2 117.4 1.00
117.7 117.9 117.8 1.00
118.6 118.6 118.2 1.00
119.4 119.4 118.6 1.00
120.2 120.1 118.9 1.00
121.1 120.8 119.3 1.00
121.9 121.6 119.6 1.00
122.8 122.3 119.8 1.00
123.7 123.0 119.9 1.00
124.6 123.8 120.1 1.00
125.5 124.5 120.2 1.00
126.5 125.2 120.3 1.00
127.4 126.0 120.4 1.00
128.3 126.7 120.4 1.00
129.3 127.4 120.5 1.00
130.2 128.2 120.5 1.00
131.1 128.9 120.5 1.00
132.1 129.7 120.5 1.00
133.0 130.4 120.5 1.00
134.0 131.1 120.5 1.00
134.9 131.9 120.5 1.00
135.9 132.6 120.5 1.00
136.8 133.4 120.4 1.00
137.8 134.1 120.4 1.00
138.7 134.9 120.3 1.00
139.7 135.6 120.3 1.00
140.7 136.4 120.2 1.00
141.6 137.1 120.1 1.00
142.6 137.9 120.1 1.00
143.6 138.7 120.0 1.00
144.5 139.4 119.8 1.00
145.5 140.2 119.7 1.00
146.5 140.9 119.6 1.00
147.5 141.7 119.5 1.00
148.4 142.5 119.4 1.00
149.4 143.2 119.2 1.00
150.4 144.0 119.1 1.00
151.4 144.8 118.9 1.00
152.4 145.5 118.8 1.00
153.3 146.3 118.6 1.00
154.3 147.1 118.4 1.00
155.3 147.9 118.2 1.00
156.3 148.6 118.1 1.00
157.3 149.4 117.9 1.00
158.3 150.2 117.6 1.00
159.3 151.0 117.4 1.00
160.3 151.8 117.2 1.00
161.3 152.5 117.0 1.00
162.3 153.3 116.7 1.00
163.3 154.1 116.5 1.00
164.3 154.9 116.3 1.00
165.3 155.7 116.0 1.00
166.3 156.5 115.7 1.00
167.3 157.3 115.4 1.00
168.3 158.1 115.1 1.00
169.3 158.9 114.8 1.00
170.3 159.7 114.6 1.00
171.4 160.5 114.2 1.00
172.4 161.3 113.9 1.00
173.4 162.1 113.6 1.00
174.4 162.9 113.3 1.00
175.4 163.7 112.9 1.00
176.5 164.5 112.6 1.00
177.5 165.3 112.2 1.00
178.5 166.1 111.8 1.00
179.5 167.0 111.5 1.00
180.6 167.8 111.1 1.00
181.6 168.6 110.7 1.00
182.6 169.4 110.3 1.00
183.7 170.2 109.9 1.00
184.7 171.1 109.4 1.00
185.7 171.9 109.0 1.00
186.8 172.7 108.6 1.00
187.8 173.6 108.1 1.00
188.9 174.4 107.6 1.00
189.9 175.2 107.2 1.00
190.9 176.1 106.7 1.00
192.0 176.9 106.2 1.00
193.0 177.8 105.7 1.00
194.1 178.6 105.2 1.00
195.1 179.4 104.7 1.00
196.2 180.3 104.2 1.00
197.2 181.1 103.6 1.00
198.3 182.0 103.0 1.00
199.4 182.9 102.5 1.00
200.4 183.7 101.9 1.00
201.5 184.6 101.3 1.00
202.5 185.4 100.7 1.00
203.6 186.3 100.1 1.00
204.7 187.2  99.5 1.00
205.7 188.0  98.9 1.00
206.8 188.9  98.2 1.00
207.9 189.8  97.5 1.00
209.0 190.7  96.8 1.00
210.1 191.5  96.1 1.00
211.1 192.4  95.4 1.00
212.2 193.3  94.7 1.00
213.3 194.2  94.0 1.00
214.4 195.1  93.3 1.00
215.5 196.0  92.5 1.00
216.6 196.8  91.7 1.00
217.6 197.7  90.9 1.00
218.7 198.6  90.1 1.00
219.8 199.5  89.3 1.00
220.9 200.4  88.4 1.00
222.0 201.3  87.5 1.00
223.1 202.2  86.6 1.00
224.2 203.2  85.7 1.00
225.3 204.1  84.8 1.00
226.5 205.0  83.8 1.00
227.6 205.9  82.9 1.00
228.7 206.8  81.9 1.00
229.8 207.7  80.8 1.00
230.9 208.7  79.8 1.00
232.1 209.6  78.7 1.00
233.2 210.5  77.6 1.00
234.3 211.4  76.5 1.00
235.4 212.4  75.3 1.00
236.6 213.3  74.1 1.00
237.7 214.2  72.9 1.00
238.8 215.2  71.6 1.00
240.0 216.1  70.3 1.00
241.1 217.1  69.0 1.00
242.3 218.0  67.6 1.00
243.5 219.0  66.1 1.00
244.6 219.9  64.7 1.00
245.8 220.9  63.1 1.00
247.0 221.8  61.5 1.00
248.1 222.8  59.8 1.00
249.3 223.7  58.1 1.00
250.5 224.7  56.3 1.00
251.8 225.6  54.4 1.00
253.0 226.5  52.4 1.00
253.7 227.7  51.9 1.00
253.8 229.1  52.9 1.00
253.9 230.5  54.2 1.00
253.9 231.9  55.5 1.00
