# comment
256
  6.9  14.0  19.1 1.00
  7.0  14.3  19.5 1.00
  7.2  14.6  19.9 1.00
  7.3  14.8  20.2 1.00
  7.4  15.1  20.6 1.00
  7.6  15.4  21.0 1.00
  7.7  15.6  21.4 1.00
  7.9  15.9  21.7 1.00
  8.0  16.2  22.1 1.00
  8.2  16.4  22.5 1.00
  8.3  16.7  22.8 1.00
  8.4  17.0  23.2 1.00
  8.6  17.2  23.6 1.00
  8.7  17.5  23.9 1.00
  8.9  17.8  24.3 1.00
  9.0  18.0  24.7 1.00
  9.1  18.3  25.1 1.00
  9.3  18.6  25.4 1.00
  9.4  18.8  25.8 1.00
  9.6  19.1  26.2 1.00
  9.7  19.3  26.5 1.00
  9.8  19.6  26.9 1.00
 10.0  19.9  27.3 1.00
 10.1  20.1  27.7 1.00
 10.3  20.4  28.0 1.00
 10.4  20.7  28.4 1.00
 10.5  20.9  28.8 1.00
 10.7  21.2  29.1 1.00
 10.8  21.5  29.5 1.00
 11.0  21.7  29.9 1.00
 11.1  22.0  30.3 1.00
 11.2  22.3  30.6 1.00
 11.4  22.5  31.0 1.00
 11.5  22.8  31.4 1.00
 11.7  23.1  31.7 1.00
 11.8  23.3  32.1 1.00
 11.9  23.6  32.5 1.00
 12.1  23.9  32.8 1.00
 12.2  24.1  33.2 1.00
 12.4  24.4  33.6 1.00
 12.5  24.7  34.0 1.00
 12.6  24.9  34.3 1.00
 12.8  25.2  34.7 1.00
 12.9  25.5  35.1 1.00
 13.1  25.7  35.4 1.00
 13.2  26.0  35.8 1.00
 13.4  26.3  36.2 1.00
 13.5  26.5  36.6 1.00
 13.6  26.8  36.9 1.00
 13.8  27.1  37.3 1.00
 13.9  27.3  37.7 1.00
 14.1  27.6  38.0 1.00
 14.2  27.9  38.4 1.00
 14.3  28.1  38.8 1.00
 14.5  28.4  39.2 1.00
 14.6  28.7  39.5 1.00
 14.8  28.9  39.9 1.00
 14.9  29.2  40.3 1.00
 15.0  29.5  40.6 1.00
 15.2  29.7  41.0 1.00
 15.3  30.0  41.4 1.00
 15.5  30.3  41.8 1.00
 15.6  30.5  42.1 1.00
 15.7  30.8  42.5 1.00
 15.9  31.1  42.9 1.00
 16.0  31.3  43.2 1.00
 16.2  31.6  43.6 1.00
 16.3  31.9  44.0 1.00
 16.4  32.1  44.3 1.00
 16.6  32.4  44.7 1.00
 16.7  32.7  45.1 1.00
 16.9  32.9  45.5 1.00
 17.0  33.2  45.8 1.00
 17.1  33.5  46.2 1.00
 17.3  33.7  46.6 1.00
 17.4  34.0  46.9 1.00
 17.6  34.3  47.3 1.00
 17.7  34.5  47.7 1.00
 17.9  34.8  48.1 1.00
 18.0  35.1  48.4 1.00
 18.1  35.3  48.8 1.00
 18.3  35.6  49.2 1.00
 18.4  35.9  49.5 1.00
 18.6  36.1  49.9 1.00
 18.7  36.4  50.3 1.00
 18.8  36.7  50.7 1.00
 19.0  36.9  51.0 1.00
 19.1  37.2  51.4 1.00
 19.3  37.5  51.8 1.00
 19.4  37.7  52.1 1.00
 19.5  38.0  52.5 1.00
 19.7  38.3  52.9 1.00
 19.8  38.5  53.2 1.00
 20.0  38.8  53.6 1.00
 20.1  39.0  54.0 1.00
 20.2  39.3  54.4 1.00
 20.4  39.6  54.7 1.00
 20.5  39.8  55.1 1.00
 20.7  40.1  55.5 1.00
 20.8  40.4  55.8 1.00
 20.9  40.6  56.2 1.00
 21.1  40.9  56.6 1.00
 21.2  41.2  57.0 1.00
 21.4  41.4  57.3 1.00
 21.5  41.7  57.7 1.00
 21.6  42.0  58.1 1.00
 21.8  42.2  58.4 1.00
 21.9  42.5  58.8 1.00
 22.1  42.8  59.2 1.00
 22.2  43.0  59.6 1.00
 22.3  43.3  59.9 1.00
 22.5  43.6  60.3 1.00
 22.6  43.8  60.7 1.00
 22.8  44.1  61.0 1.00
 22.9  44.4  61.4 1.00
 23.1  44.6  61.8 1.00
 23.2  44.9  62.2 1.00
 23.3  45.2  62.5 1.00
 23.5  45.4  62.9 1.00
 23.6  45.7  63.3 1.00
 23.8  46.0  63.6 1.00
 23.9  46.2  64.0 1.00
 24.0  46.5  64.4 1.00
 24.2  46.8  64.7 1.00
 24.3  47.0  65.1 1.00
 24.5  47.3  65.5 1.00
 24.6  47.6  65.9 1.00
 24.7  47.8  66.2 1.00
 24.9  48.1  66.6 1.00
 25.0  48.4  67.0 1.00
 25.2  48.6  67.3 1.00
 25.3  48.9  67.7 1.00
 25.4  49.2  68.1 1.00
 25.6  49.4  68.5 1.00
 25.7  49.7  68.8 1.00
 25.9  50.0  69.2 1.00
 26.0  50.2  69.6 1.00
 26.1  50.5  69.9 1.00
 26.3  50.8  70.3 1.00
 26.4  51.0  70.7 1.00
 26.6  51.3  71.1 1.00
 26.7  51.6  71.4 1.00
 26.8  51.8  71.8 1.00
 27.0  52.1  72.2 1.00
 27.1  52.4  72.5 1.00
 27.3  52.6  72.9 1.00
 27.4  52.9  73.3 1.00
 27.6  53.2  73.6 1.00
 27.7  53.4  74.0 1.00
 27.8  53.7  74.4 1.00
 28.0  54.0  74.8 1.00
 28.1  54.2  75.1 1.00
 28.3  54.5  75.5 1.00
 28.4  54.8  75.9 1.00
 28.5  55.0  76.2 1.00
 28.7  55.3  76.6 1.00
 28.8  55.6  77.0 1.00
 29.0  55.8  77.4 1.00
 29.1  56.1  77.7 1.00
 29.2  56.4  78.1 1.00
 29.4  56.6  78.5 1.00
 29.5  56.9  78.8 1.00
 29.7  57.2  79.2 1.00
 29.8  57.4  79.6 1.00
 29.9  57.7  80.0 1.00
 30.1  58.0  80.3 1.00
 30.2  58.2  80.7 1.00
 30.4  58.5  81.1 1.00
 30.5  58.7  81.4 1.00
 30.6  59.0  81.8 1.00
 30.8  59.3  82.2 1.00
 30.9  59.5  82.6 1.00
 31.1  59.8  82.9 1.00
 31.2  60.1  83.3 1.00
 31.3  60.3  83.7 1.00
 31.5  60.6  84.0 1.00
 31.6  60.9  84.4 1.00
 31.8  61.1  84.8 1.00
 31.9  61.4  85.1 1.00
 32.0  61.7  85.5 1.00
 32.2  61.9  85.9 1.00
 32.3  62.2  86.3 1.00
 32.5  62.5  86.6 1.00
 32.6  62.7  87.0 1.00
 32.8  63.0  87.4 1.00
 32.9  63.3  87.7 1.00
 33.0  63.5  88.1 1.00
 33.2  63.8  88.5 1.00
 33.3  64.1  88.9 1.00
 33.5  64.3  89.2 1.00
 33.6  64.6  89.6 1.00
 33.7  64.9  90.0 1.00
 33.9  65.1  90.3 1.00
 34.0  65.4  90.7 1.00
 34.2  65.7  91.1 1.00
 34.3  65.9  91.5 1.00
 34.4  66.2  91.8 1.00
 34.6  66.5  92.2 1.00
 34.7  66.7  92.6 1.00
 34.9  67.0  92.9 1.00
 35.0  67.3  93.3 1.00
 35.1  67.5  93.7 1.00
 35.3  67.8  94.0 1.00
 35.4  68.1  94.4 1.00
 35.6  68.3  94.8 1.00
 35.7  68.6  95.2 1.00
 35.8  68.9  95.5 1.00
 36.0  69.1  95.9 1.00
 36.1  69.4  96.3 1.00
 36.3  69.7  96.6 1.00
 36.4  69.9  97.0 1.00
 36.5  70.2  97.4 1.00
 36.7  70.5  97.8 1.00
 36.8  70.7  98.1 1.00
 37.0  71.0  98.5 1.00
 37.1  71.3  98.9 1.00
 37.3  71.5  99.2 1.00
 37.4  71.8  99.6 1.00
 37.5  72.1 100.0 1.00
 37.7  72.3 100.4 1.00
 37.8  72.6 100.7 1.00
 38.0  72.9 101.1 1.00
 38.1  73.1 101.5 1.00
 38.2  73.4 101.8 1.00
 38.4  73.7 102.2 1.00
 38.5  73.9 102.6 1.00
 38.7  74.2 103.0 1.00
 38.8  74.5 103.3 1.00
 38.9  74.7 103.7 1.00
 39.1  75.0 104.1 1.00
 39.2  75.3 104.4 1.00
 39.4  75.5 104.8 1.00
 39.5  75.8 105.2 1.00
 39.6  76.1 105.5 1.00
 39.8  76.3 105.9 1.00
 39.9  76.6 106.3 1.00
 40.1  76.9 106.7 1.00
 40.2  77.1 107.0 1.00
 40.3  77.4 107.4 1.00
 40.5  77.7 107.8 1.00
 40.6  77.9 108.1 1.00
 40.8  78.2 108.5 1.00
 40.9  78.4 108.9 1.00
 41.0  78.7 109.3 1.00
 41.2  79.0 109.6 1.00
 41.3  79.2 110.0 1.00
 41.5  79.5 110.4 1.00
 41.6  79.8 110.7 1.00
 41.8  80.0 111.1 1.00
 41.9  80.3 111.5 1.00
 42.0  80.6 111.9 1.00
 42.2  80.8 112.2 1.00
 42.3  81.1 112.6 1.00
 42.5  81.4 113.0 1.00
 42.6  81.6 113.3 1.00
 42.7  81.9 113.7 1.00
