# comment
256
  0.4   0.1   3.5 1.00
  0.6   0.3   4.7 1.00
  0.8   0.6   6.2 1.00
  1.2   0.9   7.9 1.00
  1.5   1.2   9.8 1.00
  2.0   1.6  11.9 1.00
  2.4   2.0  14.1 1.00
  3.0   2.4  16.2 1.00
  3.6   2.9  18.3 1.00
  4.2   3.3  20.5 1.00
  4.9   3.9  22.6 1.00
  5.7   4.4  24.8 1.00
  6.6   4.9  27.0 1.00
  7.5   5.5  29.2 1.00
  8.5   6.0  31.5 1.00
  9.6   6.6  33.7 1.00
 10.8   7.2  36.0 1.00
 12.0   7.7  38.3 1.00
 13.2   8.3  40.6 1.00
 14.4   8.8  42.9 1.00
 15.6   9.3  45.3 1.00
 16.9   9.8  47.7 1.00
 18.2  10.3  50.1 1.00
 19.5  10.7  52.5 1.00
 20.9  11.0  54.9 1.00
 22.3  11.4  57.3 1.00
 23.7  11.6  59.8 1.00
 25.2  11.8  62.2 1.00
 26.7  12.0  64.6 1.00
 28.2  12.1  67.0 1.00
 29.7  12.1  69.4 1.00
 31.3  12.1  71.8 1.00
 33.0  12.1  74.2 1.00
 34.6  11.9  76.4 1.00
 36.3  11.8  78.7 1.00
 38.0  11.6  80.9 1.00
 39.7  11.4  83.0 1.00
 41.5  11.1  85.0 1.00
 43.2  10.8  86.9 1.00
 45.0  10.6  88.8 1.00
 46.8  10.3  90.5 1.00
 48.5  10.0  92.2 1.00
 50.3   9.8  93.7 1.00
 52.1   9.6  95.2 1.00
 53.8   9.4  96.5 1.00
 55.6   9.3  97.8 1.00
 57.3   9.3  99.0 1.00
 59.0   9.3 100.1 1.00
 60.8   9.3 101.1 1.00
 62.5   9.4 102.0 1.00
 64.2   9.6 102.9 1.00
 65.8   9.8 103.7 1.00
 67.5  10.1 104.4 1.00
 69.2  10.4 105.1 1.00
 70.9  10.8 105.7 1.00
 72.5  11.2 106.2 1.00
 74.1  11.6 106.8 1.00
 75.8  12.1 107.2 1.00
 77.4  12.6 107.7 1.00
 79.0  13.1 108.0 1.00
 80.7  13.6 108.4 1.00
 82.3  14.2 108.7 1.00
 83.9  14.7 109.0 1.00
 85.5  15.3 109.3 1.00
 87.1  15.9 109.5 1.00
 88.7  16.5 109.7 1.00
 90.3  17.1 109.9 1.00
 91.9  17.7 110.0 1.00
 93.5  18.3 110.2 1.00
 95.1  18.8 110.3 1.00
 96.6  19.4 110.3 1.00
 98.2  20.0 110.4 1.00
 99.8  20.6 110.4 1.00
101.4  21.2 110.5 1.00
103.0  21.8 110.5 1.00
104.6  22.4 110.4 1.00
106.2  23.0 110.4 1.00
107.7  23.6 110.3 1.00
109.3  24.2 110.3 1.00
110.9  24.8 110.2 1.00
112.5  25.3 110.1 1.00
114.1  25.9 109.9 1.00
115.7  26.5 109.8 1.00
117.3  27.1 109.6 1.00
118.9  27.6 109.4 1.00
120.4  28.2 109.2 1.00
122.0  28.8 109.0 1.00
123.6  29.3 108.8 1.00
125.2  29.9 108.5 1.00
126.8  30.4 108.2 1.00
128.4  31.0 108.0 1.00
130.0  31.6 107.6 1.00
131.6  32.1 107.3 1.00
133.2  32.7 107.0 1.00
134.8  33.2 106.6 1.00
136.3  33.8 106.3 1.00
137.9  34.4 105.9 1.00
139.5  34.9 105.4 1.00
141.1  35.5 105.0 1.00
142.7  36.0 104.6 1.00
144.3  36.6 104.1 1.00
145.9  37.2 103.6 1.00
147.5  37.7 103.1 1.00
149.1  38.3 102.6 1.00
150.6  38.9 102.1 1.00
152.2  39.5 101.5 1.00
153.8  40.1 101.0 1.00
155.4  40.7 100.4 1.00
157.0  41.3  99.8 1.00
158.5  41.9  99.1 1.00
160.1  42.5  98.5 1.00
161.7  43.1  97.8 1.00
163.2  43.7  97.2 1.00
164.8  44.3  96.5 1.00
166.4  45.0  95.8 1.00
167.9  45.6  95.1 1.00
169.5  46.3  94.3 1.00
171.0  47.0  93.6 1.00
172.5  47.6  92.8 1.00
174.1  48.3  92.0 1.00
175.6  49.0  91.2 1.00
177.1  49.7  90.4 1.00
178.6  50.5  89.5 1.00
180.2  51.2  88.7 1.00
181.7  51.9  87.8 1.00
183.2  52.7  86.9 1.00
184.6  53.5  86.0 1.00
186.1  54.3  85.1 1.00
187.6  55.1  84.2 1.00
189.1  55.9  83.3 1.00
190.5  56.7  82.3 1.00
192.0  57.6  81.4 1.00
193.4  58.4  80.4 1.00
194.8  59.3  79.4 1.00
196.2  60.2  78.4 1.00
197.6  61.1  77.4 1.00
199.0  62.0  76.4 1.00
200.4  63.0  75.3 1.00
201.8  64.0  74.3 1.00
203.1  65.0  73.3 1.00
204.5  66.0  72.2 1.00
205.8  67.0  71.1 1.00
207.1  68.0  70.0 1.00
208.4  69.1  68.9 1.00
209.7  70.2  67.9 1.00
211.0  71.3  66.7 1.00
212.2  72.4  65.6 1.00
213.5  73.5  64.5 1.00
214.7  74.7  63.4 1.00
215.9  75.9  62.2 1.00
217.1  77.1  61.1 1.00
218.3  78.3  60.0 1.00
219.4  79.5  58.8 1.00
220.6  80.8  57.6 1.00
221.7  82.1  56.5 1.00
222.8  83.4  55.3 1.00
223.9  84.7  54.1 1.00
225.0  86.0  52.9 1.00
226.0  87.4  51.8 1.00
227.0  88.7  50.6 1.00
228.0  90.1  49.4 1.00
229.0  91.5  48.2 1.00
230.0  92.9  46.9 1.00
231.0  94.4  45.7 1.00
231.9  95.8  44.5 1.00
232.8  97.3  43.3 1.00
233.7  98.8  42.1 1.00
234.6 100.3  40.8 1.00
235.4 101.8  39.6 1.00
236.2 103.4  38.3 1.00
237.1 104.9  37.1 1.00
237.8 106.5  35.8 1.00
238.6 108.1  34.5 1.00
239.4 109.7  33.3 1.00
240.1 111.3  32.0 1.00
240.8 112.9  30.7 1.00
241.5 114.5  29.4 1.00
242.1 116.2  28.1 1.00
242.8 117.9  26.8 1.00
243.4 119.5  25.5 1.00
244.0 121.2  24.1 1.00
244.6 122.9  22.8 1.00
245.1 124.6  21.5 1.00
245.7 126.3  20.2 1.00
246.2 128.1  18.8 1.00
246.7 129.8  17.5 1.00
247.1 131.6  16.2 1.00
247.6 133.3  14.9 1.00
248.0 135.1  13.6 1.00
248.4 136.9  12.3 1.00
248.8 138.7  11.1 1.00
249.2 140.5  10.0 1.00
249.5 142.3   8.9 1.00
249.8 144.1   8.0 1.00
250.1 145.9   7.3 1.00
250.4 147.7   6.7 1.00
250.6 149.6   6.3 1.00
250.9 151.4   6.1 1.00
251.1 153.3   6.0 1.00
251.3 155.1   6.2 1.00
251.4 157.0   6.5 1.00
251.6 158.9   7.1 1.00
251.7 160.8   7.9 1.00
251.8 162.7   8.9 1.00
251.8 164.6  10.2 1.00
251.9 166.5  11.6 1.00
251.9 168.4  13.2 1.00
251.9 170.3  14.9 1.00
251.9 172.2  16.6 1.00
251.9 174.1  18.5 1.00
251.8 176.0  20.4 1.00
251.7 178.0  22.4 1.00
251.6 179.9  24.4 1.00
251.5 181.9  26.5 1.00
251.3 183.8  28.6 1.00
251.1 185.7  30.8 1.00
250.9 187.7  33.0 1.00
250.7 189.7  35.3 1.00
250.5 191.6  37.6 1.00
250.2 193.6  40.0 1.00
249.9 195.5  42.4 1.00
249.6 197.5  44.9 1.00
249.3 199.5  47.4 1.00
248.9 201.4  50.0 1.00
248.5 203.4  52.6 1.00
248.1 205.4  55.3 1.00
247.7 207.3  58.1 1.00
247.3 209.3  60.9 1.00
246.9 211.3  63.7 1.00
246.4 213.2  66.7 1.00
245.9 215.2  69.7 1.00
245.4 217.1  72.8 1.00
245.0 219.1  76.0 1.00
244.5 221.0  79.3 1.00
244.0 222.9  82.6 1.00
243.5 224.8  86.1 1.00
243.1 226.7  89.6 1.00
242.6 228.5  93.2 1.00
242.3 230.4  97.0 1.00
241.9 232.2 100.8 1.00
241.6 233.9 104.7 1.00
241.4 235.7 108.7 1.00
241.3 237.3 112.8 1.00
241.3 239.0 116.9 1.00
241.5 240.6 121.1 1.00
241.7 242.1 125.3 1.00
242.1 243.5 129.5 1.00
242.7 244.9 133.7 1.00
243.4 246.3 137.8 1.00
244.3 247.6 141.9 1.00
245.3 248.9 145.8 1.00
246.4 250.1 149.7 1.00
247.6 251.2 153.5 1.00
249.0 252.4 157.3 1.00
250.5 253.5 160.9 1.00
252.0 254.6 164.5 1.00
