# comment
256
 68.1   1.2  84.0 1.00
 68.5   2.4  85.5 1.00
 68.8   3.7  87.1 1.00
 69.2   5.1  88.6 1.00
 69.5   6.5  90.0 1.00
 69.8   8.0  91.5 1.00
 70.1   9.6  93.0 1.00
 70.4  11.3  94.4 1.00
 70.6  12.8  95.8 1.00
 70.9  14.4  97.2 1.00
 71.1  15.8  98.6 1.00
 71.3  17.3  99.9 1.00
 71.5  18.7 101.3 1.00
 71.6  20.1 102.6 1.00
 71.8  21.5 103.9 1.00
 71.9  22.9 105.2 1.00
 72.0  24.2 106.4 1.00
 72.1  25.5 107.7 1.00
 72.1  26.9 108.9 1.00
 72.2  28.2 110.0 1.00
 72.2  29.5 111.2 1.00
 72.2  30.8 112.3 1.00
 72.2  32.1 113.5 1.00
 72.2  33.4 114.6 1.00
 72.1  34.7 115.6 1.00
 72.1  35.9 116.7 1.00
 72.0  37.2 117.7 1.00
 71.9  38.5 118.7 1.00
 71.8  39.7 119.6 1.00
 71.6  41.0 120.6 1.00
 71.5  42.3 121.5 1.00
 71.3  43.5 122.4 1.00
 71.1  44.7 123.3 1.00
 70.9  46.0 124.1 1.00
 70.7  47.2 124.9 1.00
 70.4  48.5 125.7 1.00
 70.2  49.7 126.5 1.00
 69.9  50.9 127.2 1.00
 69.6  52.2 127.9 1.00
 69.3  53.4 128.6 1.00
 69.0  54.6 129.3 1.00
 68.7  55.8 129.9 1.00
 68.3  57.0 130.6 1.00
 68.0  58.2 131.2 1.00
 67.6  59.4 131.7 1.00
 67.2  60.6 132.3 1.00
 66.8  61.8 132.8 1.00
 66.4  63.0 133.3 1.00
 66.0  64.1 133.8 1.00
 65.6  65.3 134.3 1.00
 65.2  66.5 134.7 1.00
 64.8  67.6 135.1 1.00
 64.3  68.8 135.6 1.00
 63.9  69.9 135.9 1.00
 63.4  71.1 136.3 1.00
 62.9  72.2 136.7 1.00
 62.5  73.4 137.0 1.00
 62.0  74.5 137.3 1.00
 61.5  75.6 137.6 1.00
 61.0  76.7 137.9 1.00
 60.5  77.8 138.2 1.00
 60.1  78.9 138.5 1.00
 59.6  80.0 138.7 1.00
 59.1  81.1 138.9 1.00
 58.6  82.2 139.2 1.00
 58.1  83.3 139.4 1.00
 57.6  84.4 139.6 1.00
 57.1  85.4 139.8 1.00
 56.6  86.5 139.9 1.00
 56.1  87.5 140.1 1.00
 55.6  88.6 140.3 1.00
 55.1  89.6 140.4 1.00
 54.6  90.7 140.6 1.00
 54.2  91.7 140.7 1.00
 53.7  92.8 140.8 1.00
 53.2  93.8 140.9 1.00
 52.7  94.8 141.0 1.00
 52.3  95.8 141.2 1.00
 51.8  96.8 141.3 1.00
 51.3  97.8 141.3 1.00
 50.9  98.8 141.4 1.00
 50.4  99.8 141.5 1.00
 49.9 100.8 141.6 1.00
 49.5 101.8 141.7 1.00
 49.1 102.8 141.7 1.00
 48.6 103.8 141.8 1.00
 48.2 104.8 141.9 1.00
 47.7 105.8 141.9 1.00
 47.3 106.7 142.0 1.00
 46.9 107.7 142.0 1.00
 46.5 108.7 142.1 1.00
 46.1 109.6 142.1 1.00
 45.6 110.6 142.1 1.00
 45.2 111.6 142.2 1.00
 44.8 112.5 142.2 1.00
 44.4 113.5 142.2 1.00
 44.0 114.4 142.3 1.00
 43.6 115.4 142.3 1.00
 43.3 116.3 142.3 1.00
 42.9 117.3 142.3 1.00
 42.5 118.2 142.3 1.00
 42.1 119.2 142.3 1.00
 41.7 120.1 142.3 1.00
 41.3 121.1 142.3 1.00
 41.0 122.0 142.3 1.00
 40.6 123.0 142.3 1.00
 40.2 123.9 142.3 1.00
 39.8 124.9 142.3 1.00
 39.5 125.8 142.2 1.00
 39.1 126.7 142.2 1.00
 38.7 127.7 142.2 1.00
 38.4 128.6 142.1 1.00
 38.0 129.6 142.1 1.00
 37.6 130.5 142.0 1.00
 37.3 131.4 142.0 1.00
 36.9 132.4 141.9 1.00
 36.6 133.3 141.9 1.00
 36.2 134.2 141.8 1.00
 35.8 135.2 141.7 1.00
 35.5 136.1 141.6 1.00
 35.1 137.1 141.5 1.00
 34.8 138.0 141.4 1.00
 34.4 138.9 141.3 1.00
 34.1 139.9 141.2 1.00
 33.8 140.8 141.0 1.00
 33.4 141.8 140.9 1.00
 33.1 142.7 140.7 1.00
 32.8 143.6 140.6 1.00
 32.5 144.6 140.4 1.00
 32.2 145.5 140.2 1.00
 32.0 146.5 140.0 1.00
 31.7 147.4 139.8 1.00
 31.5 148.3 139.6 1.00
 31.3 149.3 139.4 1.00
 31.1 150.2 139.1 1.00
 30.9 151.1 138.9 1.00
 30.7 152.1 138.6 1.00
 30.6 153.0 138.3 1.00
 30.5 154.0 138.1 1.00
 30.5 154.9 137.8 1.00
 30.5 155.8 137.4 1.00
 30.5 156.8 137.1 1.00
 30.5 157.7 136.8 1.00
 30.6 158.7 136.4 1.00
 30.8 159.6 136.0 1.00
 31.0 160.5 135.7 1.00
 31.2 161.5 135.3 1.00
 31.5 162.4 134.8 1.00
 31.8 163.3 134.4 1.00
 32.2 164.2 134.0 1.00
 32.7 165.2 133.5 1.00
 33.2 166.1 133.0 1.00
 33.7 167.0 132.5 1.00
 34.3 168.0 132.0 1.00
 35.0 168.9 131.5 1.00
 35.8 169.8 130.9 1.00
 36.5 170.7 130.4 1.00
 37.4 171.6 129.8 1.00
 38.3 172.5 129.2 1.00
 39.2 173.5 128.6 1.00
 40.3 174.4 127.9 1.00
 41.3 175.3 127.3 1.00
 42.4 176.2 126.6 1.00
 43.6 177.1 125.9 1.00
 44.8 178.0 125.2 1.00
 46.1 178.9 124.5 1.00
 47.4 179.7 123.7 1.00
 48.7 180.6 123.0 1.00
 50.1 181.5 122.2 1.00
 51.6 182.4 121.4 1.00
 53.0 183.3 120.6 1.00
 54.6 184.1 119.7 1.00
 56.1 185.0 118.9 1.00
 57.7 185.9 118.0 1.00
 59.4 186.7 117.1 1.00
 61.0 187.6 116.2 1.00
 62.7 188.4 115.3 1.00
 64.5 189.3 114.3 1.00
 66.3 190.1 113.3 1.00
 68.1 190.9 112.3 1.00
 69.9 191.8 111.3 1.00
 71.8 192.6 110.3 1.00
 73.7 193.4 109.2 1.00
 75.6 194.2 108.2 1.00
 77.6 195.0 107.1 1.00
 79.5 195.8 106.0 1.00
 81.6 196.6 104.8 1.00
 83.6 197.4 103.7 1.00
 85.7 198.1 102.5 1.00
 87.7 198.9 101.3 1.00
 89.9 199.7 100.1 1.00
 92.0 200.4  98.9 1.00
 94.1 201.2  97.6 1.00
 96.3 201.9  96.4 1.00
 98.5 202.6  95.1 1.00
100.8 203.4  93.8 1.00
103.0 204.1  92.5 1.00
105.3 204.8  91.1 1.00
107.6 205.5  89.7 1.00
109.9 206.2  88.4 1.00
112.2 206.8  86.9 1.00
114.6 207.5  85.5 1.00
117.0 208.2  84.1 1.00
119.4 208.8  82.6 1.00
121.8 209.5  81.1 1.00
124.2 210.1  79.6 1.00
126.6 210.7  78.1 1.00
129.1 211.3  76.6 1.00
131.6 211.9  75.0 1.00
134.1 212.5  73.5 1.00
136.6 213.1  71.9 1.00
139.1 213.7  70.3 1.00
141.6 214.3  68.7 1.00
144.2 214.8  67.0 1.00
146.8 215.4  65.4 1.00
149.3 215.9  63.7 1.00
151.9 216.4  62.0 1.00
154.5 216.9  60.4 1.00
157.2 217.4  58.7 1.00
159.8 217.9  57.0 1.00
162.4 218.4  55.2 1.00
165.1 218.9  53.5 1.00
167.7 219.4  51.8 1.00
170.4 219.8  50.1 1.00
173.0 220.3  48.3 1.00
175.7 220.7  46.6 1.00
178.4 221.1  44.9 1.00
181.0 221.5  43.2 1.00
183.7 221.9  41.5 1.00
186.4 222.3  39.8 1.00
189.1 222.7  38.1 1.00
191.7 223.1  36.5 1.00
194.4 223.5  35.0 1.00
197.1 223.9  33.4 1.00
199.7 224.2  32.0 1.00
202.4 224.6  30.6 1.00
205.1 224.9  29.3 1.00
207.7 225.3  28.1 1.00
210.4 225.6  27.1 1.00
213.0 225.9  26.2 1.00
215.6 226.3  25.4 1.00
218.2 226.6  24.9 1.00
220.8 226.9  24.5 1.00
223.4 227.2  24.3 1.00
226.0 227.6  24.3 1.00
228.6 227.9  24.6 1.00
231.1 228.2  25.0 1.00
233.6 228.5  25.7 1.00
236.2 228.8  26.5 1.00
238.7 229.1  27.6 1.00
241.1 229.5  28.8 1.00
243.6 229.8  30.1 1.00
246.0 230.1  31.6 1.00
248.5 230.4  33.2 1.00
250.9 230.7  34.9 1.00
253.3 231.1  36.7 1.00
