# comment
256
  0.4   0.1   3.5 1.00
  0.6   0.3   4.7 1.00
  0.8   0.6   6.0 1.00
  1.2   0.9   7.6 1.00
  1.5   1.2   9.5 1.00
  1.9   1.6  11.5 1.00
  2.4   2.0  13.5 1.00
  2.9   2.5  15.5 1.00
  3.5   3.0  17.5 1.00
  4.1   3.5  19.5 1.00
  4.8   4.1  21.6 1.00
  5.5   4.7  23.6 1.00
  6.3   5.3  25.7 1.00
  7.2   5.9  27.7 1.00
  8.1   6.6  29.8 1.00
  9.1   7.2  31.9 1.00
 10.1   7.9  34.0 1.00
 11.2   8.6  36.2 1.00
 12.3   9.3  38.3 1.00
 13.3  10.0  40.5 1.00
 14.4  10.8  42.7 1.00
 15.5  11.4  44.9 1.00
 16.7  12.1  47.1 1.00
 17.8  12.7  49.4 1.00
 18.9  13.3  51.7 1.00
 20.1  13.8  54.0 1.00
 21.3  14.3  56.3 1.00
 22.5  14.8  58.6 1.00
 23.7  15.3  61.0 1.00
 24.9  15.7  63.4 1.00
 26.2  16.1  65.8 1.00
 27.5  16.4  68.2 1.00
 28.8  16.7  70.6 1.00
 30.2  17.0  73.0 1.00
 31.6  17.2  75.4 1.00
 33.0  17.3  77.9 1.00
 34.4  17.4  80.3 1.00
 35.9  17.5  82.8 1.00
 37.4  17.5  85.2 1.00
 39.0  17.5  87.6 1.00
 40.5  17.4  89.9 1.00
 42.2  17.3  92.3 1.00
 43.8  17.2  94.5 1.00
 45.4  17.0  96.8 1.00
 47.1  16.8  98.9 1.00
 48.8  16.5 101.0 1.00
 50.5  16.3 103.0 1.00
 52.3  16.0 104.9 1.00
 54.0  15.8 106.8 1.00
 55.7  15.6 108.5 1.00
 57.5  15.4 110.1 1.00
 59.2  15.3 111.6 1.00
 60.9  15.2 113.0 1.00
 62.6  15.1 114.4 1.00
 64.3  15.2 115.6 1.00
 66.0  15.2 116.7 1.00
 67.7  15.4 117.8 1.00
 69.4  15.6 118.7 1.00
 71.0  15.8 119.6 1.00
 72.7  16.1 120.5 1.00
 74.3  16.5 121.2 1.00
 75.9  16.9 122.0 1.00
 77.5  17.3 122.6 1.00
 79.1  17.8 123.2 1.00
 80.7  18.3 123.8 1.00
 82.3  18.8 124.3 1.00
 83.9  19.4 124.8 1.00
 85.5  20.0 125.2 1.00
 87.1  20.5 125.6 1.00
 88.6  21.2 126.0 1.00
 90.2  21.8 126.4 1.00
 91.8  22.4 126.7 1.00
 93.3  23.0 127.0 1.00
 94.9  23.7 127.3 1.00
 96.4  24.3 127.5 1.00
 98.0  25.0 127.8 1.00
 99.5  25.6 128.0 1.00
101.1  26.2 128.2 1.00
102.6  26.9 128.4 1.00
104.2  27.5 128.5 1.00
105.8  28.2 128.7 1.00
107.3  28.8 128.8 1.00
108.9  29.4 129.0 1.00
110.4  30.1 129.1 1.00
112.0  30.7 129.2 1.00
113.5  31.3 129.3 1.00
115.1  31.9 129.3 1.00
116.6  32.5 129.4 1.00
118.2  33.1 129.5 1.00
119.8  33.7 129.5 1.00
121.3  34.3 129.5 1.00
122.9  34.9 129.5 1.00
124.5  35.5 129.5 1.00
126.0  36.1 129.5 1.00
127.6  36.6 129.5 1.00
129.2  37.2 129.5 1.00
130.8  37.8 129.5 1.00
132.4  38.3 129.4 1.00
133.9  38.9 129.3 1.00
135.5  39.5 129.3 1.00
137.1  40.0 129.2 1.00
138.7  40.6 129.1 1.00
140.3  41.1 129.0 1.00
141.9  41.6 128.8 1.00
143.5  42.2 128.7 1.00
145.1  42.7 128.5 1.00
146.7  43.2 128.4 1.00
148.4  43.8 128.2 1.00
150.0  44.3 128.0 1.00
151.6  44.8 127.8 1.00
153.2  45.3 127.6 1.00
154.8  45.8 127.4 1.00
156.5  46.4 127.1 1.00
158.1  46.9 126.9 1.00
159.7  47.4 126.6 1.00
161.4  47.9 126.3 1.00
163.0  48.4 126.0 1.00
164.6  48.9 125.7 1.00
166.3  49.5 125.4 1.00
167.9  50.0 125.0 1.00
169.6  50.5 124.7 1.00
171.2  51.0 124.3 1.00
172.8  51.6 123.9 1.00
174.5  52.1 123.5 1.00
176.1  52.6 123.1 1.00
177.8  53.2 122.6 1.00
179.4  53.7 122.2 1.00
181.0  54.3 121.7 1.00
182.7  54.8 121.2 1.00
184.3  55.4 120.7 1.00
186.0  56.0 120.2 1.00
187.6  56.5 119.6 1.00
189.2  57.1 119.1 1.00
190.8  57.7 118.5 1.00
192.5  58.3 117.9 1.00
194.1  59.0 117.3 1.00
195.7  59.6 116.7 1.00
197.3  60.2 116.1 1.00
198.9  60.9 115.5 1.00
200.5  61.6 114.8 1.00
202.1  62.3 114.1 1.00
203.6  63.0 113.4 1.00
205.2  63.7 112.7 1.00
206.8  64.5 112.0 1.00
208.3  65.3 111.3 1.00
209.8  66.0 110.6 1.00
211.4  66.9 109.8 1.00
212.9  67.7 109.1 1.00
214.4  68.6 108.3 1.00
215.8  69.5 107.5 1.00
217.3  70.4 106.7 1.00
218.7  71.4 106.0 1.00
220.1  72.4 105.2 1.00
221.5  73.4 104.4 1.00
222.9  74.4 103.6 1.00
224.3  75.5 102.8 1.00
225.6  76.6 102.0 1.00
226.9  77.8 101.2 1.00
228.1  79.0 100.5 1.00
229.4  80.2  99.7 1.00
230.6  81.5  99.0 1.00
231.8  82.8  98.3 1.00
232.9  84.2  97.6 1.00
234.0  85.6  96.9 1.00
235.1  87.0  96.2 1.00
236.1  88.4  95.6 1.00
237.1  89.9  95.0 1.00
238.1  91.5  94.5 1.00
239.0  93.1  94.0 1.00
239.9  94.7  93.5 1.00
240.7  96.3  93.1 1.00
241.5  98.0  92.7 1.00
242.3  99.7  92.4 1.00
243.0 101.4  92.2 1.00
243.7 103.1  92.0 1.00
244.4 104.9  91.8 1.00
245.0 106.7  91.7 1.00
245.6 108.5  91.7 1.00
246.2 110.3  91.7 1.00
246.8 112.1  91.8 1.00
247.3 114.0  91.9 1.00
247.8 115.8  92.1 1.00
248.2 117.7  92.3 1.00
248.6 119.6  92.6 1.00
249.1 121.4  92.9 1.00
249.4 123.3  93.3 1.00
249.8 125.2  93.8 1.00
250.2 127.1  94.3 1.00
250.5 129.0  94.8 1.00
250.8 130.9  95.4 1.00
251.1 132.8  96.1 1.00
251.4 134.7  96.7 1.00
251.6 136.6  97.5 1.00
251.8 138.5  98.2 1.00
252.1 140.4  99.0 1.00
252.3 142.3  99.9 1.00
252.5 144.2 100.8 1.00
252.7 146.0 101.7 1.00
252.8 147.9 102.6 1.00
253.0 149.8 103.6 1.00
253.2 151.7 104.6 1.00
253.3 153.6 105.7 1.00
253.4 155.5 106.7 1.00
253.5 157.3 107.9 1.00
253.7 159.2 109.0 1.00
253.8 161.1 110.1 1.00
253.8 163.0 111.3 1.00
253.9 164.8 112.5 1.00
254.0 166.7 113.8 1.00
254.1 168.5 115.0 1.00
254.1 170.4 116.3 1.00
254.2 172.3 117.6 1.00
254.2 174.1 119.0 1.00
254.3 176.0 120.3 1.00
254.3 177.8 121.7 1.00
254.3 179.7 123.1 1.00
254.3 181.5 124.5 1.00
254.3 183.4 125.9 1.00
254.3 185.2 127.4 1.00
254.3 187.1 128.8 1.00
254.3 188.9 130.3 1.00
254.3 190.7 131.8 1.00
254.3 192.6 133.3 1.00
254.2 194.4 134.8 1.00
254.2 196.2 136.4 1.00
254.2 198.1 138.0 1.00
254.1 199.9 139.5 1.00
254.1 201.7 141.1 1.00
254.0 203.6 142.8 1.00
254.0 205.4 144.4 1.00
253.9 207.2 146.0 1.00
253.8 209.1 147.7 1.00
253.8 210.9 149.4 1.00
253.7 212.7 151.0 1.00
253.6 214.6 152.7 1.00
253.5 216.4 154.5 1.00
253.4 218.2 156.2 1.00
253.4 220.0 157.9 1.00
253.3 221.9 159.7 1.00
253.2 223.7 161.4 1.00
253.1 225.5 163.2 1.00
253.0 227.3 165.0 1.00
252.9 229.1 166.8 1.00
252.8 231.0 168.6 1.00
252.7 232.8 170.5 1.00
252.6 234.6 172.3 1.00
252.5 236.4 174.1 1.00
252.4 238.3 176.0 1.00
252.3 240.1 177.9 1.00
252.2 241.9 179.7 1.00
252.1 243.7 181.6 1.00
252.0 245.5 183.5 1.00
251.9 247.4 185.4 1.00
251.9 249.2 187.3 1.00
251.8 251.0 189.2 1.00
251.7 252.8 191.1 1.00
