# comment
256
 10.6   0.0   0.0 1.00
 13.2   0.0   0.0 1.00
 15.9   0.0   0.0 1.00
 18.5   0.0   0.0 1.00
 21.1   0.0   0.0 1.00
 23.7   0.0   0.0 1.00
 26.4   0.0   0.0 1.00
 29.0   0.0   0.0 1.00
 31.6   0.0   0.0 1.00
 34.2   0.0   0.0 1.00
 36.9   0.0   0.0 1.00
 39.5   0.0   0.0 1.00
 42.1   0.0   0.0 1.00
 44.7   0.0   0.0 1.00
 47.4   0.0   0.0 1.00
 50.0   0.0   0.0 1.00
 52.6   0.0   0.0 1.00
 55.2   0.0   0.0 1.00
 57.9   0.0   0.0 1.00
 60.5   0.0   0.0 1.00
 63.1   0.0   0.0 1.00
 65.7   0.0   0.0 1.00
 68.4   0.0   0.0 1.00
 71.0   0.0   0.0 1.00
 73.6   0.0   0.0 1.00
 76.2   0.0   0.0 1.00
 78.9   0.0   0.0 1.00
 81.5   0.0   0.0 1.00
 84.1   0.0   0.0 1.00
 86.7   0.0   0.0 1.00
 89.4   0.0   0.0 1.00
 92.0   0.0   0.0 1.00
 94.6   0.0   0.0 1.00
 97.2   0.0   0.0 1.00
 99.9   0.0   0.0 1.00
102.5   0.0   0.0 1.00
105.1   0.0   0.0 1.00
107.7   0.0   0.0 1.00
110.4   0.0   0.0 1.00
113.0   0.0   0.0 1.00
115.6   0.0   0.0 1.00
118.2   0.0   0.0 1.00
120.9   0.0   0.0 1.00
123.5   0.0   0.0 1.00
126.1   0.0   0.0 1.00
128.7   0.0   0.0 1.00
131.4   0.0   0.0 1.00
134.0   0.0   0.0 1.00
136.6   0.0   0.0 1.00
139.2   0.0   0.0 1.00
141.9   0.0   0.0 1.00
144.5   0.0   0.0 1.00
147.1   0.0   0.0 1.00
149.7   0.0   0.0 1.00
152.4   0.0   0.0 1.00
155.0   0.0   0.0 1.00
157.6   0.0   0.0 1.00
160.2   0.0   0.0 1.00
162.9   0.0   0.0 1.00
165.5   0.0   0.0 1.00
168.1   0.0   0.0 1.00
170.7   0.0   0.0 1.00
173.4   0.0   0.0 1.00
176.0   0.0   0.0 1.00
178.6   0.0   0.0 1.00
181.2   0.0   0.0 1.00
183.9   0.0   0.0 1.00
186.5   0.0   0.0 1.00
189.1   0.0   0.0 1.00
191.7   0.0   0.0 1.00
194.4   0.0   0.0 1.00
197.0   0.0   0.0 1.00
199.6   0.0   0.0 1.00
202.2   0.0   0.0 1.00
204.9   0.0   0.0 1.00
207.5   0.0   0.0 1.00
210.1   0.0   0.0 1.00
212.7   0.0   0.0 1.00
215.4   0.0   0.0 1.00
218.0   0.0   0.0 1.00
220.6   0.0   0.0 1.00
223.2   0.0   0.0 1.00
225.9   0.0   0.0 1.00
228.5   0.0   0.0 1.00
231.1   0.0   0.0 1.00
233.7   0.0   0.0 1.00
236.4   0.0   0.0 1.00
239.0   0.0   0.0 1.00
241.6   0.0   0.0 1.00
244.2   0.0   0.0 1.00
246.9   0.0   0.0 1.00
249.5   0.0   0.0 1.00
252.1   0.0   0.0 1.00
254.8   0.0   0.0 1.00
255.0   2.4   0.0 1.00
255.0   5.0   0.0 1.00
255.0   7.6   0.0 1.00
255.0  10.3   0.0 1.00
255.0  12.9   0.0 1.00
255.0  15.5   0.0 1.00
255.0  18.1   0.0 1.00
255.0  20.8   0.0 1.00
255.0  23.4   0.0 1.00
255.0  26.0   0.0 1.00
255.0  28.6   0.0 1.00
255.0  31.3   0.0 1.00
255.0  33.9   0.0 1.00
255.0  36.5   0.0 1.00
255.0  39.1   0.0 1.00
255.0  41.8   0.0 1.00
255.0  44.4   0.0 1.00
255.0  47.0   0.0 1.00
255.0  49.6   0.0 1.00
255.0  52.3   0.0 1.00
255.0  54.9   0.0 1.00
255.0  57.5   0.0 1.00
255.0  60.1   0.0 1.00
255.0  62.8   0.0 1.00
255.0  65.4   0.0 1.00
255.0  68.0   0.0 1.00
255.0  70.6   0.0 1.00
255.0  73.3   0.0 1.00
255.0  75.9   0.0 1.00
255.0  78.5   0.0 1.00
255.0  81.1   0.0 1.00
255.0  83.8   0.0 1.00
255.0  86.4   0.0 1.00
255.0  89.0   0.0 1.00
255.0  91.6   0.0 1.00
255.0  94.3   0.0 1.00
255.0  96.9   0.0 1.00
255.0  99.5   0.0 1.00
255.0 102.1   0.0 1.00
255.0 104.8   0.0 1.00
255.0 107.4   0.0 1.00
255.0 110.0   0.0 1.00
255.0 112.6   0.0 1.00
255.0 115.3   0.0 1.00
255.0 117.9   0.0 1.00
255.0 120.5   0.0 1.00
255.0 123.1   0.0 1.00
255.0 125.8   0.0 1.00
255.0 128.4   0.0 1.00
255.0 131.0   0.0 1.00
255.0 133.6   0.0 1.00
255.0 136.3   0.0 1.00
255.0 138.9   0.0 1.00
255.0 141.5   0.0 1.00
255.0 144.1   0.0 1.00
255.0 146.8   0.0 1.00
255.0 149.4   0.0 1.00
255.0 152.0   0.0 1.00
255.0 154.6   0.0 1.00
255.0 157.2   0.0 1.00
255.0 159.9   0.0 1.00
255.0 162.5   0.0 1.00
255.0 165.1   0.0 1.00
255.0 167.7   0.0 1.00
255.0 170.4   0.0 1.00
255.0 173.0   0.0 1.00
255.0 175.6   0.0 1.00
255.0 178.2   0.0 1.00
255.0 180.9   0.0 1.00
255.0 183.5   0.0 1.00
255.0 186.1   0.0 1.00
255.0 188.7   0.0 1.00
255.0 191.4   0.0 1.00
255.0 194.0   0.0 1.00
255.0 196.6   0.0 1.00
255.0 199.2   0.0 1.00
255.0 201.9   0.0 1.00
255.0 204.5   0.0 1.00
255.0 207.1   0.0 1.00
255.0 209.7   0.0 1.00
255.0 212.4   0.0 1.00
255.0 215.0   0.0 1.00
255.0 217.6   0.0 1.00
255.0 220.2   0.0 1.00
255.0 222.9   0.0 1.00
255.0 225.5   0.0 1.00
255.0 228.1   0.0 1.00
255.0 230.7   0.0 1.00
255.0 233.4   0.0 1.00
255.0 236.0   0.0 1.00
255.0 238.6   0.0 1.00
255.0 241.2   0.0 1.00
255.0 243.9   0.0 1.00
255.0 246.5   0.0 1.00
255.0 249.1   0.0 1.00
255.0 251.7   0.0 1.00
255.0 254.4   0.0 1.00
255.0 255.0   3.0 1.00
255.0 255.0   6.9 1.00
255.0 255.0  10.9 1.00
255.0 255.0  14.8 1.00
255.0 255.0  18.7 1.00
255.0 255.0  22.7 1.00
255.0 255.0  26.6 1.00
255.0 255.0  30.6 1.00
255.0 255.0  34.5 1.00
255.0 255.0  38.4 1.00
255.0 255.0  42.4 1.00
255.0 255.0  46.3 1.00
255.0 255.0  50.2 1.00
255.0 255.0  54.2 1.00
255.0 255.0  58.1 1.00
255.0 255.0  62.1 1.00
255.0 255.0  66.0 1.00
255.0 255.0  69.9 1.00
255.0 255.0  73.9 1.00
255.0 255.0  77.8 1.00
255.0 255.0  81.7 1.00
255.0 255.0  85.7 1.00
255.0 255.0  89.6 1.00
255.0 255.0  93.6 1.00
255.0 255.0  97.5 1.00
255.0 255.0 101.4 1.00
255.0 255.0 105.4 1.00
255.0 255.0 109.3 1.00
255.0 255.0 113.2 1.00
255.0 255.0 117.2 1.00
255.0 255.0 121.1 1.00
255.0 255.0 125.1 1.00
255.0 255.0 129.0 1.00
255.0 255.0 132.9 1.00
255.0 255.0 136.9 1.00
255.0 255.0 140.8 1.00
255.0 255.0 144.7 1.00
255.0 255.0 148.7 1.00
255.0 255.0 152.6 1.00
255.0 255.0 156.6 1.00
255.0 255.0 160.5 1.00
255.0 255.0 164.4 1.00
255.0 255.0 168.4 1.00
255.0 255.0 172.3 1.00
255.0 255.0 176.2 1.00
255.0 255.0 180.2 1.00
255.0 255.0 184.1 1.00
255.0 255.0 188.1 1.00
255.0 255.0 192.0 1.00
255.0 255.0 195.9 1.00
255.0 255.0 199.9 1.00
255.0 255.0 203.8 1.00
255.0 255.0 207.7 1.00
255.0 255.0 211.7 1.00
255.0 255.0 215.6 1.00
255.0 255.0 219.6 1.00
255.0 255.0 223.5 1.00
255.0 255.0 227.4 1.00
255.0 255.0 231.4 1.00
255.0 255.0 235.3 1.00
255.0 255.0 239.2 1.00
255.0 255.0 243.2 1.00
255.0 255.0 247.1 1.00
255.0 255.0 251.1 1.00
255.0 255.0 255.0 1.00
