# comment
256
  0.0   0.0   0.0 1.00
  9.3   0.0  10.7 1.00
 18.7   0.0  21.3 1.00
 28.0   0.0  32.0 1.00
 37.3   0.0  42.7 1.00
 46.7   0.0  53.3 1.00
 56.0   0.0  64.0 1.00
 65.3   0.0  74.7 1.00
 74.7   0.0  85.3 1.00
 84.0   0.0  96.0 1.00
 93.3   0.0 106.7 1.00
102.7   0.0 117.3 1.00
112.0   0.0 128.0 1.00
119.3   0.0 136.3 1.00
120.7   0.0 137.7 1.00
122.0   0.0 139.0 1.00
123.3   0.0 140.3 1.00
124.7   0.0 141.7 1.00
126.0   0.0 143.0 1.00
127.3   0.0 144.3 1.00
128.7   0.0 145.7 1.00
130.0   0.0 147.0 1.00
131.3   0.0 148.3 1.00
132.7   0.0 149.7 1.00
134.0   0.0 151.0 1.00
135.3   0.0 152.3 1.00
130.7   0.0 153.7 1.00
120.0   0.0 155.0 1.00
109.3   0.0 156.3 1.00
 98.7   0.0 157.7 1.00
 88.0   0.0 159.0 1.00
 77.3   0.0 160.3 1.00
 66.7   0.0 161.7 1.00
 56.0   0.0 163.0 1.00
 45.3   0.0 164.3 1.00
 34.7   0.0 165.7 1.00
 24.0   0.0 167.0 1.00
 13.3   0.0 168.3 1.00
  2.7   0.0 169.7 1.00
  0.0   0.0 173.0 1.00
  0.0   0.0 177.0 1.00
  0.0   0.0 181.0 1.00
  0.0   0.0 185.0 1.00
  0.0   0.0 189.0 1.00
  0.0   0.0 193.0 1.00
  0.0   0.0 197.0 1.00
  0.0   0.0 201.0 1.00
  0.0   0.0 205.0 1.00
  0.0   0.0 209.0 1.00
  0.0   0.0 213.0 1.00
  0.0   0.0 217.0 1.00
  0.0   0.0 221.0 1.00
  0.0   9.3 221.0 1.00
  0.0  18.7 221.0 1.00
  0.0  28.0 221.0 1.00
  0.0  37.3 221.0 1.00
  0.0  46.7 221.0 1.00
  0.0  56.0 221.0 1.00
  0.0  65.3 221.0 1.00
  0.0  74.7 221.0 1.00
  0.0  84.0 221.0 1.00
  0.0  93.3 221.0 1.00
  0.0 102.7 221.0 1.00
  0.0 112.0 221.0 1.00
  0.0 119.7 221.0 1.00
  0.0 122.3 221.0 1.00
  0.0 125.0 221.0 1.00
  0.0 127.7 221.0 1.00
  0.0 130.3 221.0 1.00
  0.0 133.0 221.0 1.00
  0.0 135.7 221.0 1.00
  0.0 138.3 221.0 1.00
  0.0 141.0 221.0 1.00
  0.0 143.7 221.0 1.00
  0.0 146.3 221.0 1.00
  0.0 149.0 221.0 1.00
  0.0 151.7 221.0 1.00
  0.0 153.7 219.0 1.00
  0.0 155.0 215.0 1.00
  0.0 156.3 211.0 1.00
  0.0 157.7 207.0 1.00
  0.0 159.0 203.0 1.00
  0.0 160.3 199.0 1.00
  0.0 161.7 195.0 1.00
  0.0 163.0 191.0 1.00
  0.0 164.3 187.0 1.00
  0.0 165.7 183.0 1.00
  0.0 167.0 179.0 1.00
  0.0 168.3 175.0 1.00
  0.0 169.7 171.0 1.00
  0.0 170.0 168.0 1.00
  0.0 170.0 165.3 1.00
  0.0 170.0 162.7 1.00
  0.0 170.0 160.0 1.00
  0.0 170.0 157.3 1.00
  0.0 170.0 154.7 1.00
  0.0 170.0 152.0 1.00
  0.0 170.0 149.3 1.00
  0.0 170.0 146.7 1.00
  0.0 170.0 144.0 1.00
  0.0 170.0 141.3 1.00
  0.0 170.0 138.7 1.00
  0.0 170.0 136.0 1.00
  0.0 168.7 125.3 1.00
  0.0 167.3 114.7 1.00
  0.0 166.0 104.0 1.00
  0.0 164.7  93.3 1.00
  0.0 163.3  82.7 1.00
  0.0 162.0  72.0 1.00
  0.0 160.7  61.3 1.00
  0.0 159.3  50.7 1.00
  0.0 158.0  40.0 1.00
  0.0 156.7  29.3 1.00
  0.0 155.3  18.7 1.00
  0.0 154.0   8.0 1.00
  0.0 153.7   0.0 1.00
  0.0 156.3   0.0 1.00
  0.0 159.0   0.0 1.00
  0.0 161.7   0.0 1.00
  0.0 164.3   0.0 1.00
  0.0 167.0   0.0 1.00
  0.0 169.7   0.0 1.00
  0.0 172.3   0.0 1.00
  0.0 175.0   0.0 1.00
  0.0 177.7   0.0 1.00
  0.0 180.3   0.0 1.00
  0.0 183.0   0.0 1.00
  0.0 185.7   0.0 1.00
  0.0 188.3   0.0 1.00
  0.0 191.0   0.0 1.00
  0.0 193.7   0.0 1.00
  0.0 196.3   0.0 1.00
  0.0 199.0   0.0 1.00
  0.0 201.7   0.0 1.00
  0.0 204.3   0.0 1.00
  0.0 207.0   0.0 1.00
  0.0 209.7   0.0 1.00
  0.0 212.3   0.0 1.00
  0.0 215.0   0.0 1.00
  0.0 217.7   0.0 1.00
  0.0 220.3   0.0 1.00
  0.0 223.0   0.0 1.00
  0.0 225.7   0.0 1.00
  0.0 228.3   0.0 1.00
  0.0 231.0   0.0 1.00
  0.0 233.7   0.0 1.00
  0.0 236.3   0.0 1.00
  0.0 239.0   0.0 1.00
  0.0 241.7   0.0 1.00
  0.0 244.3   0.0 1.00
  0.0 247.0   0.0 1.00
  0.0 249.7   0.0 1.00
  0.0 252.3   0.0 1.00
  0.0 255.0   0.0 1.00
 14.7 255.0   0.0 1.00
 29.3 255.0   0.0 1.00
 44.0 255.0   0.0 1.00
 58.7 255.0   0.0 1.00
 73.3 255.0   0.0 1.00
 88.0 255.0   0.0 1.00
102.7 255.0   0.0 1.00
117.3 255.0   0.0 1.00
132.0 255.0   0.0 1.00
146.7 255.0   0.0 1.00
161.3 255.0   0.0 1.00
176.0 255.0   0.0 1.00
188.0 254.7   0.0 1.00
192.0 253.3   0.0 1.00
196.0 252.0   0.0 1.00
200.0 250.7   0.0 1.00
204.0 249.3   0.0 1.00
208.0 248.0   0.0 1.00
212.0 246.7   0.0 1.00
216.0 245.3   0.0 1.00
220.0 244.0   0.0 1.00
224.0 242.7   0.0 1.00
228.0 241.3   0.0 1.00
232.0 240.0   0.0 1.00
236.0 238.7   0.0 1.00
238.7 236.7   0.0 1.00
240.0 234.0   0.0 1.00
241.3 231.3   0.0 1.00
242.7 228.7   0.0 1.00
244.0 226.0   0.0 1.00
245.3 223.3   0.0 1.00
246.7 220.7   0.0 1.00
248.0 218.0   0.0 1.00
249.3 215.3   0.0 1.00
250.7 212.7   0.0 1.00
252.0 210.0   0.0 1.00
253.3 207.3   0.0 1.00
254.7 204.7   0.0 1.00
255.0 201.0   0.0 1.00
255.0 197.0   0.0 1.00
255.0 193.0   0.0 1.00
255.0 189.0   0.0 1.00
255.0 185.0   0.0 1.00
255.0 181.0   0.0 1.00
255.0 177.0   0.0 1.00
255.0 173.0   0.0 1.00
255.0 169.0   0.0 1.00
255.0 165.0   0.0 1.00
255.0 161.0   0.0 1.00
255.0 157.0   0.0 1.00
255.0 153.0   0.0 1.00
255.0 141.0   0.0 1.00
255.0 129.0   0.0 1.00
255.0 117.0   0.0 1.00
255.0 105.0   0.0 1.00
255.0  93.0   0.0 1.00
255.0  81.0   0.0 1.00
255.0  69.0   0.0 1.00
255.0  57.0   0.0 1.00
255.0  45.0   0.0 1.00
255.0  33.0   0.0 1.00
255.0  21.0   0.0 1.00
255.0   9.0   0.0 1.00
254.3   0.0   0.0 1.00
251.7   0.0   0.0 1.00
249.0   0.0   0.0 1.00
246.3   0.0   0.0 1.00
243.7   0.0   0.0 1.00
241.0   0.0   0.0 1.00
238.3   0.0   0.0 1.00
235.7   0.0   0.0 1.00
233.0   0.0   0.0 1.00
230.3   0.0   0.0 1.00
227.7   0.0   0.0 1.00
225.0   0.0   0.0 1.00
222.3   0.0   0.0 1.00
220.3   0.0   0.0 1.00
219.0   0.0   0.0 1.00
217.7   0.0   0.0 1.00
216.3   0.0   0.0 1.00
215.0   0.0   0.0 1.00
213.7   0.0   0.0 1.00
212.3   0.0   0.0 1.00
211.0   0.0   0.0 1.00
209.7   0.0   0.0 1.00
208.3   0.0   0.0 1.00
207.0   0.0   0.0 1.00
205.7   0.0   0.0 1.00
204.3   0.0   0.0 1.00
204.0  12.0  12.0 1.00
204.0  28.0  28.0 1.00
204.0  44.0  44.0 1.00
204.0  60.0  60.0 1.00
204.0  76.0  76.0 1.00
204.0  92.0  92.0 1.00
204.0 108.0 108.0 1.00
204.0 124.0 124.0 1.00
204.0 140.0 140.0 1.00
204.0 156.0 156.0 1.00
204.0 172.0 172.0 1.00
204.0 188.0 188.0 1.00
204.0 204.0 204.0 1.00
