# comment
256
146.0  21.0  25.0 1.00
146.0  21.0  25.0 1.00
150.0  22.0  26.0 1.00
151.0  22.0  26.0 1.00
153.0  22.0  27.0 1.00
155.0  22.0  27.0 1.00
157.0  23.0  27.0 1.00
158.0  23.0  28.0 1.00
160.0  23.0  28.0 1.00
162.0  23.0  29.0 1.00
164.0  24.0  29.0 1.00
165.0  24.0  29.0 1.00
167.0  24.0  30.0 1.00
169.0  25.0  30.0 1.00
171.0  25.0  31.0 1.00
172.0  25.0  31.0 1.00
174.0  25.0  31.0 1.00
176.0  26.0  32.0 1.00
178.0  26.0  32.0 1.00
179.0  26.0  33.0 1.00
181.0  26.0  33.0 1.00
183.0  27.0  34.0 1.00
185.0  27.0  34.0 1.00
186.0  27.0  34.0 1.00
188.0  27.0  35.0 1.00
190.0  28.0  35.0 1.00
192.0  28.0  36.0 1.00
193.0  28.0  36.0 1.00
195.0  29.0  36.0 1.00
197.0  29.0  37.0 1.00
199.0  29.0  37.0 1.00
200.0  29.0  38.0 1.00
202.0  30.0  38.0 1.00
204.0  30.0  38.0 1.00
206.0  30.0  39.0 1.00
207.0  30.0  39.0 1.00
209.0  31.0  40.0 1.00
211.0  31.0  40.0 1.00
213.0  35.0  40.0 1.00
214.0  37.0  40.0 1.00
215.0  39.0  40.0 1.00
216.0  41.0  40.0 1.00
217.0  43.0  40.0 1.00
217.0  45.0  40.0 1.00
218.0  47.0  40.0 1.00
219.0  49.0  40.0 1.00
220.0  51.0  40.0 1.00
221.0  53.0  40.0 1.00
222.0  55.0  40.0 1.00
223.0  57.0  40.0 1.00
224.0  59.0  40.0 1.00
225.0  61.0  40.0 1.00
226.0  63.0  40.0 1.00
227.0  65.0  40.0 1.00
228.0  67.0  40.0 1.00
228.0  70.0  41.0 1.00
229.0  72.0  41.0 1.00
230.0  74.0  41.0 1.00
231.0  76.0  41.0 1.00
232.0  78.0  41.0 1.00
233.0  80.0  41.0 1.00
234.0  82.0  41.0 1.00
235.0  84.0  41.0 1.00
236.0  86.0  41.0 1.00
237.0  88.0  41.0 1.00
238.0  90.0  41.0 1.00
239.0  92.0  41.0 1.00
239.0  94.0  41.0 1.00
240.0  96.0  41.0 1.00
241.0  98.0  41.0 1.00
242.0 100.0  41.0 1.00
243.0 102.0  41.0 1.00
244.0 104.0  41.0 1.00
245.0 106.0  41.0 1.00
245.0 113.0  44.0 1.00
245.0 116.0  45.0 1.00
246.0 120.0  47.0 1.00
246.0 123.0  48.0 1.00
246.0 126.0  49.0 1.00
246.0 130.0  51.0 1.00
246.0 133.0  52.0 1.00
246.0 137.0  53.0 1.00
246.0 140.0  55.0 1.00
246.0 143.0  56.0 1.00
247.0 147.0  58.0 1.00
247.0 150.0  59.0 1.00
247.0 154.0  60.0 1.00
247.0 157.0  62.0 1.00
247.0 160.0  63.0 1.00
247.0 164.0  64.0 1.00
247.0 167.0  66.0 1.00
248.0 171.0  67.0 1.00
248.0 174.0  69.0 1.00
248.0 178.0  70.0 1.00
248.0 181.0  71.0 1.00
248.0 184.0  73.0 1.00
248.0 188.0  74.0 1.00
248.0 191.0  75.0 1.00
249.0 195.0  77.0 1.00
249.0 198.0  78.0 1.00
249.0 201.0  80.0 1.00
249.0 205.0  81.0 1.00
249.0 208.0  82.0 1.00
249.0 212.0  84.0 1.00
249.0 215.0  85.0 1.00
249.0 218.0  86.0 1.00
250.0 222.0  88.0 1.00
250.0 225.0  89.0 1.00
250.0 229.0  91.0 1.00
250.0 232.0  92.0 1.00
245.0 231.0  91.0 1.00
240.0 229.0  91.0 1.00
236.0 228.0  90.0 1.00
231.0 226.0  90.0 1.00
226.0 225.0  89.0 1.00
221.0 224.0  88.0 1.00
217.0 222.0  88.0 1.00
212.0 221.0  87.0 1.00
207.0 220.0  87.0 1.00
202.0 218.0  86.0 1.00
197.0 217.0  85.0 1.00
193.0 215.0  85.0 1.00
188.0 214.0  84.0 1.00
183.0 213.0  84.0 1.00
178.0 211.0  83.0 1.00
173.0 210.0  82.0 1.00
169.0 209.0  82.0 1.00
164.0 207.0  81.0 1.00
159.0 206.0  81.0 1.00
154.0 204.0  80.0 1.00
150.0 203.0  80.0 1.00
145.0 202.0  79.0 1.00
140.0 200.0  78.0 1.00
135.0 199.0  78.0 1.00
130.0 198.0  77.0 1.00
126.0 196.0  77.0 1.00
121.0 195.0  76.0 1.00
116.0 193.0  75.0 1.00
111.0 192.0  75.0 1.00
106.0 191.0  74.0 1.00
102.0 189.0  74.0 1.00
 97.0 188.0  73.0 1.00
 92.0 187.0  72.0 1.00
 87.0 185.0  72.0 1.00
 83.0 184.0  71.0 1.00
 78.0 182.0  71.0 1.00
 73.0 181.0  70.0 1.00
 73.0 179.0  77.0 1.00
 73.0 178.0  81.0 1.00
 73.0 177.0  84.0 1.00
 73.0 176.0  88.0 1.00
 73.0 175.0  91.0 1.00
 73.0 174.0  95.0 1.00
 73.0 173.0  99.0 1.00
 73.0 172.0 102.0 1.00
 73.0 170.0 106.0 1.00
 73.0 169.0 109.0 1.00
 73.0 168.0 113.0 1.00
 73.0 167.0 116.0 1.00
 73.0 166.0 120.0 1.00
 73.0 165.0 124.0 1.00
 73.0 164.0 127.0 1.00
 73.0 163.0 131.0 1.00
 73.0 162.0 134.0 1.00
 72.0 161.0 138.0 1.00
 72.0 160.0 141.0 1.00
 72.0 159.0 145.0 1.00
 72.0 158.0 148.0 1.00
 72.0 157.0 152.0 1.00
 72.0 156.0 156.0 1.00
 72.0 155.0 159.0 1.00
 72.0 154.0 163.0 1.00
 72.0 153.0 166.0 1.00
 72.0 151.0 170.0 1.00
 72.0 150.0 173.0 1.00
 72.0 149.0 177.0 1.00
 72.0 148.0 181.0 1.00
 72.0 147.0 184.0 1.00
 72.0 146.0 188.0 1.00
 72.0 145.0 191.0 1.00
 72.0 144.0 195.0 1.00
 72.0 143.0 198.0 1.00
 72.0 142.0 202.0 1.00
 77.0 146.0 204.0 1.00
 79.0 148.0 206.0 1.00
 81.0 150.0 207.0 1.00
 83.0 152.0 208.0 1.00
 86.0 154.0 209.0 1.00
 88.0 156.0 211.0 1.00
 90.0 158.0 212.0 1.00
 93.0 160.0 213.0 1.00
 95.0 163.0 214.0 1.00
 97.0 165.0 215.0 1.00
100.0 167.0 217.0 1.00
102.0 169.0 218.0 1.00
104.0 171.0 219.0 1.00
106.0 173.0 220.0 1.00
109.0 175.0 221.0 1.00
111.0 177.0 223.0 1.00
113.0 179.0 224.0 1.00
116.0 181.0 225.0 1.00
118.0 183.0 226.0 1.00
120.0 185.0 228.0 1.00
123.0 187.0 229.0 1.00
125.0 189.0 230.0 1.00
127.0 191.0 231.0 1.00
129.0 193.0 232.0 1.00
132.0 195.0 234.0 1.00
134.0 197.0 235.0 1.00
136.0 200.0 236.0 1.00
139.0 202.0 237.0 1.00
141.0 204.0 238.0 1.00
143.0 206.0 240.0 1.00
146.0 208.0 241.0 1.00
148.0 210.0 242.0 1.00
150.0 212.0 243.0 1.00
152.0 214.0 245.0 1.00
155.0 216.0 246.0 1.00
157.0 218.0 247.0 1.00
162.0 220.0 247.0 1.00
165.0 221.0 248.0 1.00
168.0 222.0 248.0 1.00
170.0 223.0 248.0 1.00
173.0 224.0 248.0 1.00
176.0 225.0 249.0 1.00
178.0 226.0 249.0 1.00
181.0 227.0 249.0 1.00
183.0 228.0 249.0 1.00
186.0 229.0 249.0 1.00
189.0 230.0 250.0 1.00
191.0 231.0 250.0 1.00
194.0 232.0 250.0 1.00
197.0 233.0 250.0 1.00
199.0 234.0 250.0 1.00
202.0 235.0 251.0 1.00
205.0 236.0 251.0 1.00
207.0 237.0 251.0 1.00
210.0 238.0 251.0 1.00
213.0 239.0 252.0 1.00
215.0 240.0 252.0 1.00
218.0 241.0 252.0 1.00
221.0 242.0 252.0 1.00
223.0 243.0 252.0 1.00
226.0 244.0 253.0 1.00
229.0 245.0 253.0 1.00
231.0 246.0 253.0 1.00
234.0 247.0 253.0 1.00
236.0 248.0 253.0 1.00
239.0 249.0 254.0 1.00
242.0 250.0 254.0 1.00
244.0 251.0 254.0 1.00
247.0 252.0 254.0 1.00
250.0 253.0 255.0 1.00
252.0 254.0 255.0 1.00
255.0 255.0 255.0 1.00
255.0 255.0 255.0 1.00
