# comment
256
  0.0   0.0   0.0 1.00
  2.0   0.0   0.0 1.00
  4.0   0.0   0.0 1.00
  6.0   0.0   0.0 1.00
  8.0   0.0   0.0 1.00
  8.0   0.0   0.0 1.00
 10.0   0.0   0.0 1.00
 13.0   0.0   0.0 1.00
 16.0   0.0   0.0 1.00
 16.0   0.0   0.0 1.00
 18.0   0.0   0.0 1.00
 21.0   0.0   0.0 1.00
 24.0   0.0   0.0 1.00
 24.0   0.0   0.0 1.00
 26.0   0.0   0.0 1.00
 29.0   0.0   0.0 1.00
 32.0   0.0   0.0 1.00
 32.0   0.0   0.0 1.00
 34.0   0.0   0.0 1.00
 37.0   0.0   0.0 1.00
 40.0   0.0   0.0 1.00
 40.0   0.0   0.0 1.00
 43.0   0.0   0.0 1.00
 46.0   0.0   0.0 1.00
 49.0   0.0   0.0 1.00
 49.0   0.0   0.0 1.00
 51.0   0.0   0.0 1.00
 54.0   0.0   0.0 1.00
 57.0   0.0   0.0 1.00
 57.0   0.0   0.0 1.00
 59.0   0.0   0.0 1.00
 62.0   0.0   0.0 1.00
 65.0   0.0   0.0 1.00
 65.0   0.0   0.0 1.00
 67.0   0.0   0.0 1.00
 70.0   0.0   0.0 1.00
 73.0   0.0   0.0 1.00
 73.0   0.0   0.0 1.00
 75.0   0.0   0.0 1.00
 78.0   0.0   0.0 1.00
 81.0   0.0   0.0 1.00
 81.0   0.0   0.0 1.00
 83.0   0.0   0.0 1.00
 86.0   0.0   0.0 1.00
 89.0   0.0   0.0 1.00
 89.0   0.0   0.0 1.00
 91.0   0.0   0.0 1.00
 94.0   0.0   0.0 1.00
 97.0   0.0   0.0 1.00
 97.0   0.0   0.0 1.00
 99.0   0.0   0.0 1.00
102.0   0.0   0.0 1.00
105.0   0.0   0.0 1.00
105.0   0.0   0.0 1.00
107.0   0.0   0.0 1.00
110.0   0.0   0.0 1.00
113.0   0.0   0.0 1.00
113.0   0.0   0.0 1.00
115.0   0.0   0.0 1.00
118.0   0.0   0.0 1.00
121.0   0.0   0.0 1.00
121.0   0.0   0.0 1.00
124.0   0.0   0.0 1.00
127.0   1.0   0.0 1.00
130.0   2.0   0.0 1.00
130.0   2.0   0.0 1.00
132.0   4.0   0.0 1.00
135.0   7.0   0.0 1.00
138.0  10.0   0.0 1.00
138.0  10.0   0.0 1.00
140.0  12.0   0.0 1.00
143.0  15.0   0.0 1.00
146.0  18.0   0.0 1.00
146.0  18.0   0.0 1.00
148.0  20.0   0.0 1.00
151.0  23.0   0.0 1.00
154.0  26.0   0.0 1.00
154.0  26.0   0.0 1.00
156.0  28.0   0.0 1.00
159.0  31.0   0.0 1.00
162.0  34.0   0.0 1.00
162.0  34.0   0.0 1.00
164.0  36.0   0.0 1.00
167.0  39.0   0.0 1.00
170.0  42.0   0.0 1.00
170.0  42.0   0.0 1.00
172.0  44.0   0.0 1.00
174.0  46.0   0.0 1.00
176.0  48.0   0.0 1.00
178.0  51.0   0.0 1.00
178.0  51.0   0.0 1.00
180.0  53.0   0.0 1.00
183.0  56.0   0.0 1.00
186.0  59.0   0.0 1.00
186.0  59.0   0.0 1.00
188.0  61.0   0.0 1.00
191.0  64.0   0.0 1.00
194.0  67.0   0.0 1.00
194.0  67.0   0.0 1.00
196.0  69.0   0.0 1.00
199.0  72.0   0.0 1.00
202.0  75.0   0.0 1.00
202.0  75.0   0.0 1.00
204.0  77.0   0.0 1.00
207.0  80.0   0.0 1.00
210.0  83.0   0.0 1.00
210.0  83.0   0.0 1.00
213.0  85.0   0.0 1.00
216.0  88.0   0.0 1.00
219.0  91.0   0.0 1.00
219.0  91.0   0.0 1.00
221.0  93.0   0.0 1.00
224.0  96.0   0.0 1.00
227.0  99.0   0.0 1.00
227.0  99.0   0.0 1.00
229.0 101.0   0.0 1.00
232.0 104.0   0.0 1.00
235.0 107.0   0.0 1.00
235.0 107.0   0.0 1.00
237.0 109.0   0.0 1.00
240.0 112.0   0.0 1.00
243.0 115.0   0.0 1.00
243.0 115.0   0.0 1.00
245.0 117.0   0.0 1.00
248.0 120.0   0.0 1.00
251.0 123.0   0.0 1.00
251.0 123.0   0.0 1.00
252.0 126.0   1.0 1.00
253.0 129.0   2.0 1.00
255.0 132.0   4.0 1.00
255.0 132.0   4.0 1.00
255.0 134.0   6.0 1.00
255.0 137.0   9.0 1.00
255.0 140.0  12.0 1.00
255.0 140.0  12.0 1.00
255.0 142.0  14.0 1.00
255.0 145.0  17.0 1.00
255.0 148.0  20.0 1.00
255.0 148.0  20.0 1.00
255.0 150.0  22.0 1.00
255.0 153.0  25.0 1.00
255.0 156.0  28.0 1.00
255.0 156.0  28.0 1.00
255.0 158.0  30.0 1.00
255.0 161.0  33.0 1.00
255.0 164.0  36.0 1.00
255.0 164.0  36.0 1.00
255.0 166.0  39.0 1.00
255.0 169.0  42.0 1.00
255.0 172.0  45.0 1.00
255.0 172.0  45.0 1.00
255.0 174.0  47.0 1.00
255.0 177.0  50.0 1.00
255.0 180.0  53.0 1.00
255.0 180.0  53.0 1.00
255.0 182.0  55.0 1.00
255.0 185.0  58.0 1.00
255.0 188.0  61.0 1.00
255.0 188.0  61.0 1.00
255.0 190.0  63.0 1.00
255.0 193.0  66.0 1.00
255.0 196.0  69.0 1.00
255.0 196.0  69.0 1.00
255.0 198.0  71.0 1.00
255.0 201.0  74.0 1.00
255.0 204.0  77.0 1.00
255.0 204.0  77.0 1.00
255.0 206.0  79.0 1.00
255.0 209.0  82.0 1.00
255.0 212.0  85.0 1.00
255.0 212.0  85.0 1.00
255.0 214.0  87.0 1.00
255.0 216.0  89.0 1.00
255.0 218.0  91.0 1.00
255.0 221.0  93.0 1.00
255.0 221.0  93.0 1.00
255.0 223.0  95.0 1.00
255.0 226.0  98.0 1.00
255.0 229.0 101.0 1.00
255.0 229.0 101.0 1.00
255.0 231.0 103.0 1.00
255.0 234.0 106.0 1.00
255.0 237.0 109.0 1.00
255.0 237.0 109.0 1.00
255.0 239.0 111.0 1.00
255.0 242.0 114.0 1.00
255.0 245.0 117.0 1.00
255.0 245.0 117.0 1.00
255.0 247.0 119.0 1.00
255.0 250.0 122.0 1.00
255.0 253.0 125.0 1.00
255.0 253.0 125.0 1.00
255.0 253.0 128.0 1.00
255.0 254.0 131.0 1.00
255.0 255.0 134.0 1.00
255.0 255.0 134.0 1.00
255.0 255.0 136.0 1.00
255.0 255.0 139.0 1.00
255.0 255.0 142.0 1.00
255.0 255.0 142.0 1.00
255.0 255.0 144.0 1.00
255.0 255.0 147.0 1.00
255.0 255.0 150.0 1.00
255.0 255.0 150.0 1.00
255.0 255.0 152.0 1.00
255.0 255.0 155.0 1.00
255.0 255.0 158.0 1.00
255.0 255.0 158.0 1.00
255.0 255.0 160.0 1.00
255.0 255.0 163.0 1.00
255.0 255.0 166.0 1.00
255.0 255.0 166.0 1.00
255.0 255.0 168.0 1.00
255.0 255.0 171.0 1.00
255.0 255.0 174.0 1.00
255.0 255.0 174.0 1.00
255.0 255.0 176.0 1.00
255.0 255.0 179.0 1.00
255.0 255.0 182.0 1.00
255.0 255.0 182.0 1.00
255.0 255.0 184.0 1.00
255.0 255.0 187.0 1.00
255.0 255.0 190.0 1.00
255.0 255.0 190.0 1.00
255.0 255.0 192.0 1.00
255.0 255.0 195.0 1.00
255.0 255.0 198.0 1.00
255.0 255.0 198.0 1.00
255.0 255.0 200.0 1.00
255.0 255.0 203.0 1.00
255.0 255.0 206.0 1.00
255.0 255.0 206.0 1.00
255.0 255.0 209.0 1.00
255.0 255.0 212.0 1.00
255.0 255.0 215.0 1.00
255.0 255.0 215.0 1.00
255.0 255.0 217.0 1.00
255.0 255.0 220.0 1.00
255.0 255.0 223.0 1.00
255.0 255.0 223.0 1.00
255.0 255.0 225.0 1.00
255.0 255.0 228.0 1.00
255.0 255.0 231.0 1.00
255.0 255.0 231.0 1.00
255.0 255.0 233.0 1.00
255.0 255.0 236.0 1.00
255.0 255.0 239.0 1.00
255.0 255.0 239.0 1.00
255.0 255.0 241.0 1.00
255.0 255.0 244.0 1.00
255.0 255.0 247.0 1.00
255.0 255.0 247.0 1.00
255.0 255.0 249.0 1.00
255.0 255.0 251.0 1.00
255.0 255.0 253.0 1.00
255.0 255.0 255.0 1.00
