# comment
256
  0.0   0.0   0.0 1.00
  0.0   0.0   4.0 1.00
  0.0   0.0   8.0 1.00
  0.0   0.0  12.0 1.00
  0.0   0.0  16.0 1.00
  0.0   0.0  16.0 1.00
  0.0   0.0  21.0 1.00
  0.0   0.0  26.0 1.00
  0.0   0.0  32.0 1.00
  0.0   0.0  32.0 1.00
  0.0   0.0  37.0 1.00
  0.0   0.0  43.0 1.00
  0.0   0.0  49.0 1.00
  0.0   0.0  49.0 1.00
  0.0   0.0  54.0 1.00
  0.0   0.0  59.0 1.00
  0.0   0.0  65.0 1.00
  0.0   0.0  65.0 1.00
  0.0   0.0  70.0 1.00
  0.0   0.0  75.0 1.00
  0.0   0.0  81.0 1.00
  0.0   0.0  81.0 1.00
  0.0   0.0  86.0 1.00
  0.0   0.0  91.0 1.00
  0.0   0.0  97.0 1.00
  0.0   0.0  97.0 1.00
  0.0   0.0 102.0 1.00
  0.0   0.0 107.0 1.00
  0.0   0.0 113.0 1.00
  0.0   0.0 113.0 1.00
  0.0   0.0 118.0 1.00
  0.0   0.0 124.0 1.00
  0.0   0.0 130.0 1.00
  0.0   0.0 130.0 1.00
  0.0   0.0 135.0 1.00
  0.0   0.0 140.0 1.00
  0.0   0.0 146.0 1.00
  0.0   0.0 146.0 1.00
  0.0   0.0 151.0 1.00
  0.0   0.0 156.0 1.00
  0.0   0.0 162.0 1.00
  0.0   0.0 162.0 1.00
  0.0   0.0 167.0 1.00
  0.0   0.0 172.0 1.00
  0.0   0.0 178.0 1.00
  0.0   0.0 178.0 1.00
  0.0   0.0 183.0 1.00
  0.0   0.0 188.0 1.00
  0.0   0.0 194.0 1.00
  0.0   0.0 194.0 1.00
  0.0   0.0 199.0 1.00
  0.0   0.0 204.0 1.00
  0.0   0.0 210.0 1.00
  0.0   0.0 210.0 1.00
  0.0   0.0 215.0 1.00
  0.0   0.0 221.0 1.00
  0.0   0.0 227.0 1.00
  0.0   0.0 227.0 1.00
  0.0   0.0 232.0 1.00
  0.0   0.0 237.0 1.00
  0.0   0.0 243.0 1.00
  0.0   0.0 243.0 1.00
  1.0   0.0 247.0 1.00
  2.0   0.0 251.0 1.00
  3.0   0.0 255.0 1.00
  3.0   0.0 255.0 1.00
  7.0   0.0 255.0 1.00
 11.0   0.0 255.0 1.00
 16.0   0.0 255.0 1.00
 16.0   0.0 255.0 1.00
 20.0   0.0 255.0 1.00
 24.0   0.0 255.0 1.00
 28.0   0.0 255.0 1.00
 28.0   0.0 255.0 1.00
 32.0   0.0 255.0 1.00
 36.0   0.0 255.0 1.00
 41.0   0.0 255.0 1.00
 41.0   0.0 255.0 1.00
 45.0   0.0 255.0 1.00
 49.0   0.0 255.0 1.00
 54.0   0.0 255.0 1.00
 54.0   0.0 255.0 1.00
 58.0   0.0 255.0 1.00
 62.0   0.0 255.0 1.00
 66.0   0.0 255.0 1.00
 66.0   0.0 255.0 1.00
 69.0   0.0 255.0 1.00
 72.0   0.0 255.0 1.00
 75.0   0.0 255.0 1.00
 79.0   0.0 255.0 1.00
 79.0   0.0 255.0 1.00
 83.0   0.0 255.0 1.00
 87.0   0.0 255.0 1.00
 92.0   0.0 255.0 1.00
 92.0   0.0 255.0 1.00
 96.0   0.0 255.0 1.00
100.0   0.0 255.0 1.00
104.0   0.0 255.0 1.00
104.0   0.0 255.0 1.00
108.0   0.0 255.0 1.00
112.0   0.0 255.0 1.00
117.0   0.0 255.0 1.00
117.0   0.0 255.0 1.00
121.0   0.0 255.0 1.00
125.0   0.0 255.0 1.00
130.0   0.0 255.0 1.00
130.0   0.0 255.0 1.00
134.0   1.0 253.0 1.00
138.0   2.0 252.0 1.00
142.0   4.0 251.0 1.00
142.0   4.0 251.0 1.00
146.0   6.0 248.0 1.00
150.0   9.0 245.0 1.00
155.0  12.0 243.0 1.00
155.0  12.0 243.0 1.00
159.0  15.0 240.0 1.00
163.0  18.0 237.0 1.00
168.0  21.0 234.0 1.00
168.0  21.0 234.0 1.00
172.0  23.0 231.0 1.00
176.0  26.0 228.0 1.00
180.0  29.0 226.0 1.00
180.0  29.0 226.0 1.00
184.0  31.0 223.0 1.00
188.0  34.0 220.0 1.00
193.0  37.0 218.0 1.00
193.0  37.0 218.0 1.00
197.0  39.0 215.0 1.00
201.0  42.0 212.0 1.00
206.0  45.0 210.0 1.00
206.0  45.0 210.0 1.00
210.0  47.0 207.0 1.00
214.0  50.0 204.0 1.00
218.0  53.0 202.0 1.00
218.0  53.0 202.0 1.00
222.0  55.0 199.0 1.00
226.0  58.0 196.0 1.00
231.0  61.0 194.0 1.00
231.0  61.0 194.0 1.00
235.0  63.0 191.0 1.00
239.0  66.0 188.0 1.00
243.0  69.0 186.0 1.00
243.0  69.0 186.0 1.00
247.0  71.0 183.0 1.00
251.0  74.0 180.0 1.00
255.0  77.0 178.0 1.00
255.0  77.0 178.0 1.00
255.0  79.0 175.0 1.00
255.0  82.0 172.0 1.00
255.0  85.0 170.0 1.00
255.0  85.0 170.0 1.00
255.0  87.0 167.0 1.00
255.0  90.0 164.0 1.00
255.0  93.0 162.0 1.00
255.0  93.0 162.0 1.00
255.0  96.0 159.0 1.00
255.0  99.0 156.0 1.00
255.0 102.0 153.0 1.00
255.0 102.0 153.0 1.00
255.0 104.0 150.0 1.00
255.0 107.0 147.0 1.00
255.0 110.0 145.0 1.00
255.0 110.0 145.0 1.00
255.0 112.0 142.0 1.00
255.0 115.0 139.0 1.00
255.0 118.0 137.0 1.00
255.0 118.0 137.0 1.00
255.0 120.0 134.0 1.00
255.0 123.0 131.0 1.00
255.0 126.0 129.0 1.00
255.0 126.0 129.0 1.00
255.0 128.0 127.0 1.00
255.0 130.0 125.0 1.00
255.0 132.0 123.0 1.00
255.0 134.0 121.0 1.00
255.0 134.0 121.0 1.00
255.0 136.0 118.0 1.00
255.0 139.0 115.0 1.00
255.0 142.0 113.0 1.00
255.0 142.0 113.0 1.00
255.0 144.0 110.0 1.00
255.0 147.0 107.0 1.00
255.0 150.0 105.0 1.00
255.0 150.0 105.0 1.00
255.0 152.0 102.0 1.00
255.0 155.0  99.0 1.00
255.0 158.0  97.0 1.00
255.0 158.0  97.0 1.00
255.0 160.0  94.0 1.00
255.0 163.0  91.0 1.00
255.0 166.0  89.0 1.00
255.0 166.0  89.0 1.00
255.0 168.0  86.0 1.00
255.0 171.0  83.0 1.00
255.0 174.0  81.0 1.00
255.0 174.0  81.0 1.00
255.0 176.0  78.0 1.00
255.0 179.0  75.0 1.00
255.0 182.0  73.0 1.00
255.0 182.0  73.0 1.00
255.0 185.0  70.0 1.00
255.0 188.0  67.0 1.00
255.0 191.0  64.0 1.00
255.0 191.0  64.0 1.00
255.0 193.0  61.0 1.00
255.0 196.0  58.0 1.00
255.0 199.0  56.0 1.00
255.0 199.0  56.0 1.00
255.0 201.0  53.0 1.00
255.0 204.0  50.0 1.00
255.0 207.0  48.0 1.00
255.0 207.0  48.0 1.00
255.0 209.0  45.0 1.00
255.0 212.0  42.0 1.00
255.0 215.0  40.0 1.00
255.0 215.0  40.0 1.00
255.0 217.0  37.0 1.00
255.0 220.0  34.0 1.00
255.0 223.0  32.0 1.00
255.0 223.0  32.0 1.00
255.0 225.0  29.0 1.00
255.0 228.0  26.0 1.00
255.0 231.0  24.0 1.00
255.0 231.0  24.0 1.00
255.0 233.0  21.0 1.00
255.0 236.0  18.0 1.00
255.0 239.0  16.0 1.00
255.0 239.0  16.0 1.00
255.0 241.0  13.0 1.00
255.0 244.0  10.0 1.00
255.0 247.0   8.0 1.00
255.0 247.0   8.0 1.00
255.0 249.0   6.0 1.00
255.0 252.0   4.0 1.00
255.0 255.0   2.0 1.00
255.0 255.0   2.0 1.00
255.0 255.0  19.0 1.00
255.0 255.0  36.0 1.00
255.0 255.0  53.0 1.00
255.0 255.0  53.0 1.00
255.0 255.0  69.0 1.00
255.0 255.0  86.0 1.00
255.0 255.0 103.0 1.00
255.0 255.0 103.0 1.00
255.0 255.0 120.0 1.00
255.0 255.0 137.0 1.00
255.0 255.0 154.0 1.00
255.0 255.0 154.0 1.00
255.0 255.0 170.0 1.00
255.0 255.0 187.0 1.00
255.0 255.0 204.0 1.00
255.0 255.0 204.0 1.00
255.0 255.0 216.0 1.00
255.0 255.0 229.0 1.00
255.0 255.0 242.0 1.00
255.0 255.0 255.0 1.00
