# comment
256
  0.0 128.0   0.0 1.00
  0.0 126.0   1.0 1.00
  0.0 124.0   2.0 1.00
  0.0 122.0   3.0 1.00
  0.0 121.0   4.0 1.00
  0.0 121.0   4.0 1.00
  0.0 119.0   5.0 1.00
  0.0 117.0   6.0 1.00
  0.0 115.0   8.0 1.00
  0.0 115.0   8.0 1.00
  0.0 113.0   9.0 1.00
  0.0 111.0  10.0 1.00
  0.0 109.0  12.0 1.00
  0.0 109.0  12.0 1.00
  0.0 107.0  13.0 1.00
  0.0 105.0  14.0 1.00
  0.0 103.0  16.0 1.00
  0.0 103.0  16.0 1.00
  0.0 101.0  17.0 1.00
  0.0  99.0  18.0 1.00
  0.0  97.0  20.0 1.00
  0.0  97.0  20.0 1.00
  0.0  95.0  21.0 1.00
  0.0  93.0  22.0 1.00
  0.0  91.0  24.0 1.00
  0.0  91.0  24.0 1.00
  0.0  89.0  25.0 1.00
  0.0  87.0  26.0 1.00
  0.0  85.0  28.0 1.00
  0.0  85.0  28.0 1.00
  0.0  83.0  29.0 1.00
  0.0  81.0  30.0 1.00
  0.0  79.0  32.0 1.00
  0.0  79.0  32.0 1.00
  0.0  77.0  33.0 1.00
  0.0  75.0  34.0 1.00
  0.0  73.0  36.0 1.00
  0.0  73.0  36.0 1.00
  0.0  71.0  37.0 1.00
  0.0  69.0  38.0 1.00
  0.0  67.0  40.0 1.00
  0.0  67.0  40.0 1.00
  0.0  65.0  41.0 1.00
  0.0  63.0  43.0 1.00
  0.0  61.0  45.0 1.00
  0.0  61.0  45.0 1.00
  0.0  59.0  46.0 1.00
  0.0  57.0  47.0 1.00
  0.0  55.0  49.0 1.00
  0.0  55.0  49.0 1.00
  0.0  53.0  50.0 1.00
  0.0  51.0  51.0 1.00
  0.0  49.0  53.0 1.00
  0.0  49.0  53.0 1.00
  0.0  47.0  54.0 1.00
  0.0  45.0  55.0 1.00
  0.0  43.0  57.0 1.00
  0.0  43.0  57.0 1.00
  0.0  40.0  58.0 1.00
  0.0  38.0  59.0 1.00
  0.0  36.0  61.0 1.00
  0.0  36.0  61.0 1.00
  0.0  34.0  62.0 1.00
  0.0  32.0  63.0 1.00
  0.0  30.0  65.0 1.00
  0.0  30.0  65.0 1.00
  0.0  28.0  66.0 1.00
  0.0  26.0  67.0 1.00
  0.0  24.0  69.0 1.00
  0.0  24.0  69.0 1.00
  0.0  22.0  70.0 1.00
  0.0  20.0  71.0 1.00
  0.0  18.0  73.0 1.00
  0.0  18.0  73.0 1.00
  0.0  16.0  74.0 1.00
  0.0  14.0  75.0 1.00
  0.0  12.0  77.0 1.00
  0.0  12.0  77.0 1.00
  0.0  10.0  78.0 1.00
  0.0   8.0  79.0 1.00
  0.0   6.0  81.0 1.00
  0.0   6.0  81.0 1.00
  0.0   4.0  82.0 1.00
  0.0   1.0  83.0 1.00
  0.0   0.0  85.0 1.00
  0.0   0.0  85.0 1.00
  0.0   1.0  86.0 1.00
  0.0   3.0  87.0 1.00
  0.0   4.0  88.0 1.00
  0.0   6.0  89.0 1.00
  0.0   6.0  89.0 1.00
  0.0   8.0  90.0 1.00
  0.0  10.0  91.0 1.00
  0.0  12.0  93.0 1.00
  0.0  12.0  93.0 1.00
  0.0  14.0  94.0 1.00
  0.0  16.0  95.0 1.00
  0.0  18.0  97.0 1.00
  0.0  18.0  97.0 1.00
  0.0  20.0  98.0 1.00
  0.0  22.0  99.0 1.00
  0.0  24.0 101.0 1.00
  0.0  24.0 101.0 1.00
  0.0  26.0 102.0 1.00
  0.0  28.0 103.0 1.00
  0.0  30.0 105.0 1.00
  0.0  30.0 105.0 1.00
  0.0  32.0 106.0 1.00
  0.0  34.0 107.0 1.00
  0.0  36.0 109.0 1.00
  0.0  36.0 109.0 1.00
  0.0  38.0 110.0 1.00
  0.0  40.0 111.0 1.00
  0.0  42.0 113.0 1.00
  0.0  42.0 113.0 1.00
  0.0  44.0 114.0 1.00
  0.0  46.0 115.0 1.00
  0.0  49.0 117.0 1.00
  0.0  49.0 117.0 1.00
  0.0  51.0 118.0 1.00
  0.0  53.0 119.0 1.00
  0.0  55.0 121.0 1.00
  0.0  55.0 121.0 1.00
  0.0  57.0 122.0 1.00
  0.0  59.0 123.0 1.00
  0.0  61.0 125.0 1.00
  0.0  61.0 125.0 1.00
  0.0  63.0 126.0 1.00
  0.0  65.0 128.0 1.00
  0.0  67.0 130.0 1.00
  0.0  67.0 130.0 1.00
  0.0  69.0 131.0 1.00
  0.0  71.0 132.0 1.00
  0.0  73.0 134.0 1.00
  0.0  73.0 134.0 1.00
  0.0  75.0 135.0 1.00
  0.0  77.0 136.0 1.00
  0.0  79.0 138.0 1.00
  0.0  79.0 138.0 1.00
  0.0  81.0 139.0 1.00
  0.0  83.0 140.0 1.00
  0.0  85.0 142.0 1.00
  0.0  85.0 142.0 1.00
  0.0  87.0 143.0 1.00
  0.0  89.0 144.0 1.00
  0.0  91.0 146.0 1.00
  0.0  91.0 146.0 1.00
  0.0  93.0 147.0 1.00
  0.0  95.0 148.0 1.00
  0.0  97.0 150.0 1.00
  0.0  97.0 150.0 1.00
  0.0  99.0 151.0 1.00
  0.0 101.0 152.0 1.00
  0.0 103.0 154.0 1.00
  0.0 103.0 154.0 1.00
  0.0 105.0 155.0 1.00
  0.0 107.0 156.0 1.00
  0.0 109.0 158.0 1.00
  0.0 109.0 158.0 1.00
  0.0 111.0 159.0 1.00
  0.0 113.0 160.0 1.00
  0.0 115.0 162.0 1.00
  0.0 115.0 162.0 1.00
  0.0 117.0 163.0 1.00
  0.0 119.0 164.0 1.00
  0.0 121.0 166.0 1.00
  0.0 121.0 166.0 1.00
  0.0 123.0 167.0 1.00
  0.0 125.0 168.0 1.00
  0.0 127.0 170.0 1.00
  0.0 127.0 170.0 1.00
  3.0 128.0 171.0 1.00
  6.0 130.0 172.0 1.00
  9.0 132.0 173.0 1.00
 12.0 134.0 174.0 1.00
 12.0 134.0 174.0 1.00
 16.0 136.0 175.0 1.00
 20.0 138.0 176.0 1.00
 24.0 140.0 178.0 1.00
 24.0 140.0 178.0 1.00
 28.0 142.0 179.0 1.00
 32.0 144.0 180.0 1.00
 36.0 146.0 182.0 1.00
 36.0 146.0 182.0 1.00
 40.0 148.0 183.0 1.00
 44.0 150.0 184.0 1.00
 49.0 152.0 186.0 1.00
 49.0 152.0 186.0 1.00
 53.0 154.0 187.0 1.00
 57.0 156.0 188.0 1.00
 61.0 158.0 190.0 1.00
 61.0 158.0 190.0 1.00
 65.0 160.0 191.0 1.00
 69.0 162.0 192.0 1.00
 73.0 164.0 194.0 1.00
 73.0 164.0 194.0 1.00
 77.0 166.0 195.0 1.00
 81.0 168.0 196.0 1.00
 85.0 170.0 198.0 1.00
 85.0 170.0 198.0 1.00
 89.0 172.0 199.0 1.00
 93.0 174.0 200.0 1.00
 97.0 176.0 202.0 1.00
 97.0 176.0 202.0 1.00
101.0 178.0 203.0 1.00
105.0 180.0 204.0 1.00
109.0 182.0 206.0 1.00
109.0 182.0 206.0 1.00
113.0 184.0 207.0 1.00
117.0 186.0 208.0 1.00
121.0 188.0 210.0 1.00
121.0 188.0 210.0 1.00
125.0 190.0 211.0 1.00
129.0 192.0 213.0 1.00
134.0 194.0 215.0 1.00
134.0 194.0 215.0 1.00
138.0 196.0 216.0 1.00
142.0 198.0 217.0 1.00
146.0 200.0 219.0 1.00
146.0 200.0 219.0 1.00
150.0 202.0 220.0 1.00
154.0 204.0 221.0 1.00
158.0 206.0 223.0 1.00
158.0 206.0 223.0 1.00
162.0 208.0 224.0 1.00
166.0 210.0 225.0 1.00
170.0 212.0 227.0 1.00
170.0 212.0 227.0 1.00
174.0 214.0 228.0 1.00
178.0 216.0 229.0 1.00
182.0 219.0 231.0 1.00
182.0 219.0 231.0 1.00
186.0 221.0 232.0 1.00
190.0 223.0 233.0 1.00
194.0 225.0 235.0 1.00
194.0 225.0 235.0 1.00
198.0 227.0 236.0 1.00
202.0 229.0 237.0 1.00
206.0 231.0 239.0 1.00
206.0 231.0 239.0 1.00
210.0 233.0 240.0 1.00
214.0 235.0 241.0 1.00
219.0 237.0 243.0 1.00
219.0 237.0 243.0 1.00
223.0 239.0 244.0 1.00
227.0 241.0 245.0 1.00
231.0 243.0 247.0 1.00
231.0 243.0 247.0 1.00
235.0 245.0 248.0 1.00
239.0 247.0 249.0 1.00
243.0 249.0 251.0 1.00
243.0 249.0 251.0 1.00
246.0 250.0 252.0 1.00
249.0 252.0 253.0 1.00
252.0 253.0 254.0 1.00
255.0 255.0 255.0 1.00
